id	NoAdaptersSRR925687_NoPcr__PE	NoAdaptersSRR925688_NoPcr__PE	NoAdaptersSRR925697_NoPcr__PE	NoAdaptersSRR925703_NoPcr__PE	NoAdaptersSRR925714_NoPcr__PE	NoAdaptersSRR925716_NoPcr__PE	NoAdaptersSRR925720_NoPcr__PE	NoAdaptersSRR925721_NoPcr__PE	NoAdaptersSRR925726_NoPcr__PE	NoAdaptersSRR934634_NoPcr__PE	NoAdaptersSRR934636_NoPcr__PE
ENSG00000000003.13	9.14	10.12	13.89	11.67	20.89	5.99	8.11	9.28	12.07	1.54	1.73
ENSG00000000419.11	63.57	36.11	95.07	69.44	51.78	26.26	47.17	26.72	34.78	48.23	29.81
ENSG00000000457.12	2.15	3.27	2.11	4.62	2.90	2.04	3.83	2.68	3.96	2.36	1.03
ENSG00000000460.15	8.08	3.81	10.82	12.39	14.07	9.63	15.14	4.42	12.33	11.66	1.30
ENSG00000000971.14	3.15	0.39	13.77	12.78	4.89	12.79	3.10	1.86	5.90	0.00	0.00
ENSG00000001036.12	14.29	27.91	86.99	45.57	87.34	53.78	26.31	55.50	66.13	36.29	16.33
ENSG00000001084.9	20.59	61.39	11.22	54.50	23.47	15.54	107.33	73.69	16.06	21.28	14.32
ENSG00000001167.13	12.23	13.68	34.71	47.36	13.08	23.19	18.47	20.95	15.49	17.00	42.35
ENSG00000001460.16	10.36	4.67	1.86	6.40	3.32	6.17	4.82	11.91	8.53	2.86	17.37
ENSG00000001461.15	43.61	53.86	1.62	9.08	3.33	36.66	40.24	39.42	26.13	42.74	13.93
ENSG00000001497.15	36.55	17.77	69.54	31.19	81.98	28.66	37.36	26.13	42.61	47.38	29.47
ENSG00000001561.6	0.00	0.05	2.37	0.24	1.30	0.82	0.05	0.15	2.19	0.00	0.55
ENSG00000001617.10	63.13	153.61	8.71	14.16	2.54	7.63	32.87	33.85	1.15	35.94	2.24
ENSG00000001629.8	9.82	10.85	8.78	22.98	20.90	12.66	10.06	8.94	14.71	7.97	3.55
ENSG00000001630.14	72.52	36.19	13.46	54.33	42.55	32.07	57.65	23.33	40.19	57.80	15.46
ENSG00000001631.13	16.42	10.08	7.70	39.46	19.94	12.91	16.84	6.06	12.05	8.06	6.30
ENSG00000002016.15	10.73	6.26	4.89	10.95	12.00	7.37	7.54	8.56	8.84	8.91	16.74
ENSG00000002079.11	4.38	0.52	0.00	0.43	0.01	0.02	0.06	2.65	0.00	1.53	0.03
ENSG00000002330.12	89.83	174.43	59.43	40.04	15.63	76.00	89.14	102.07	108.60	67.22	80.60
ENSG00000002549.11	35.99	22.22	47.29	36.97	35.14	39.29	37.59	48.22	63.95	29.91	16.22
ENSG00000002586.16	137.23	93.22	262.08	193.61	51.58	120.00	166.46	231.31	160.66	115.84	150.65
ENSG00000002587.8	4.04	0.25	0.03	0.04	0.00	0.60	0.50	10.25	2.89	0.70	0.00
ENSG00000002726.18	0.16	4.29	0.00	0.09	0.00	0.03	0.48	0.32	0.35	2.35	0.00
ENSG00000002746.13	0.47	0.00	0.01	0.08	8.23	3.84	0.91	0.69	4.03	3.27	3.48
ENSG00000002822.14	18.16	6.76	31.03	17.36	20.42	136.69	13.05	21.13	26.27	32.87	108.97
ENSG00000002834.16	119.54	79.88	146.65	42.97	124.45	91.34	60.29	124.05	122.36	84.26	24.24
ENSG00000002919.13	13.69	8.08	8.87	6.45	18.97	11.64	10.22	11.75	17.08	15.56	11.94
ENSG00000002933.6	0.00	0.21	0.00	0.33	0.00	0.03	0.00	1.09	1.22	0.00	0.00
ENSG00000003056.6	112.30	56.29	81.16	152.47	96.47	73.90	59.56	71.52	77.81	130.55	83.31
ENSG00000003096.12	6.75	1.72	0.00	2.34	0.10	1.23	1.97	0.48	0.03	1.34	0.22
ENSG00000003137.7	16.92	0.52	0.21	1.68	2.48	1.72	4.30	7.85	13.63	7.51	0.76
ENSG00000003147.16	2.34	6.51	0.93	0.44	0.37	0.03	6.36	8.46	6.33	6.87	11.33
ENSG00000003249.12	2.03	8.95	13.00	3.16	1.04	4.31	2.16	21.73	18.70	4.32	0.98
ENSG00000003393.13	8.16	2.24	8.76	8.55	18.82	10.24	7.25	5.68	9.88	7.93	17.04
ENSG00000003400.13	0.86	0.31	0.03	1.05	0.07	0.42	0.11	1.92	1.93	0.30	0.07
ENSG00000003402.18	14.92	13.52	21.57	15.00	18.83	12.28	18.72	35.10	21.55	10.70	13.72
ENSG00000003436.13	8.14	0.41	93.47	8.35	13.75	43.02	34.62	63.15	54.22	5.05	2.94
ENSG00000003509.14	6.40	5.91	8.90	8.25	10.85	5.86	9.33	8.81	9.22	7.22	5.16
ENSG00000003756.15	50.65	58.76	55.84	109.60	64.97	51.85	45.50	34.84	46.71	24.24	31.23
ENSG00000003989.15	0.53	0.10	0.00	1.16	0.27	11.22	50.07	2.46	3.93	0.73	0.28
ENSG00000004059.9	242.50	198.39	124.84	238.68	73.51	107.20	193.79	178.77	111.66	327.60	187.10
ENSG00000004139.12	1.55	0.51	25.02	8.82	18.17	33.11	0.19	0.53	0.12	0.57	16.16
ENSG00000004142.10	107.87	74.38	79.58	49.79	114.05	83.92	95.30	131.11	90.15	139.48	77.10
ENSG00000004399.11	8.74	1.54	5.31	18.21	38.83	27.78	2.89	4.60	18.20	13.41	32.65
ENSG00000004455.15	192.24	84.47	193.97	150.41	256.72	136.47	132.19	108.60	153.95	262.99	199.91
ENSG00000004478.7	98.74	39.11	47.85	83.81	113.83	26.39	64.17	58.64	62.17	119.60	49.41
ENSG00000004487.14	80.82	41.89	79.15	87.35	60.67	45.05	63.76	45.43	71.13	139.43	51.74
ENSG00000004534.13	13.99	13.34	34.19	30.48	18.38	15.34	19.20	17.77	23.82	9.33	10.12
ENSG00000004660.13	3.40	0.47	3.55	2.56	2.42	1.07	5.08	3.51	2.79	7.31	2.11
ENSG00000004700.14	27.68	8.48	26.81	65.71	34.08	17.87	26.67	12.61	25.04	19.57	6.43
ENSG00000004766.14	3.63	3.95	3.69	13.34	6.54	3.72	5.53	3.08	6.73	3.92	0.28
ENSG00000004776.10	0.14	0.05	0.26	0.51	0.66	8.08	0.06	0.00	0.17	0.00	0.73
ENSG00000004777.17	11.66	11.10	16.70	16.21	16.81	19.01	3.58	2.45	13.14	1.35	15.69
ENSG00000004779.8	126.72	99.51	152.22	112.21	88.64	72.41	141.43	166.63	132.44	125.02	120.84
ENSG00000004799.7	0.12	1.71	0.00	0.04	0.05	0.03	10.56	15.24	0.39	1.23	0.00
ENSG00000004838.12	1.30	0.31	0.98	3.45	1.77	3.62	0.36	0.59	0.76	0.42	8.98
ENSG00000004864.12	15.09	5.21	15.51	26.14	21.25	10.02	25.34	12.78	28.79	36.27	11.03
ENSG00000004866.17	15.58	6.83	15.38	25.45	6.57	10.35	12.94	7.46	16.21	7.91	3.18
ENSG00000004897.10	40.79	28.54	26.93	52.84	94.28	38.07	40.34	33.65	72.05	16.81	16.26
ENSG00000004961.13	30.66	24.45	60.26	32.53	26.81	14.00	30.90	37.34	44.69	22.44	17.96
ENSG00000004975.10	30.77	22.00	45.76	28.72	24.47	53.93	18.87	20.67	45.38	35.38	90.31
ENSG00000005001.8	2.62	8.70	0.00	0.00	1.02	0.00	0.00	13.99	0.09	1.96	0.00
ENSG00000005007.11	62.65	38.55	36.43	30.82	27.31	65.85	45.33	33.06	54.49	49.92	60.58
ENSG00000005020.11	12.56	8.67	3.38	11.65	5.66	7.78	7.82	12.17	6.06	11.24	22.32
ENSG00000005022.5	649.63	547.51	1092.35	776.53	562.68	357.30	579.70	345.46	747.42	472.06	385.76
ENSG00000005059.14	8.53	1.71	17.19	7.82	8.35	1.43	8.55	12.25	14.24	2.59	5.94
ENSG00000005073.5	0.99	0.00	1.35	0.57	1.54	0.77	0.36	0.36	0.00	4.68	0.16
ENSG00000005075.14	94.47	57.53	59.80	64.25	34.29	71.89	98.76	92.76	110.99	195.59	80.56
ENSG00000005100.11	17.85	10.99	37.99	15.22	16.84	28.52	19.04	12.40	22.58	31.65	24.03
ENSG00000005108.14	0.01	0.00	0.00	0.16	1.49	0.03	0.01	0.01	0.00	0.00	0.08
ENSG00000005156.10	10.08	8.71	14.51	12.14	27.56	14.52	17.26	13.35	13.40	23.90	21.29
ENSG00000005175.8	9.85	3.79	10.41	19.07	23.80	8.38	9.13	4.11	16.62	2.97	1.11
ENSG00000005187.10	0.10	1.87	0.00	0.41	1.52	0.00	0.29	0.43	0.18	0.00	0.44
ENSG00000005189.18	4.20	2.80	7.76	59.22	13.79	8.08	2.43	2.62	5.40	0.87	5.78
ENSG00000005194.13	44.11	28.31	52.75	34.05	47.64	32.52	52.77	41.99	75.94	44.19	35.82
ENSG00000005206.15	39.51	36.15	32.98	15.64	23.81	55.87	42.24	32.86	38.42	33.53	102.44
ENSG00000005238.18	7.99	16.79	10.50	5.28	5.41	7.93	9.02	49.77	9.03	29.49	22.66
ENSG00000005243.8	19.26	0.00	0.00	0.59	20.57	18.98	0.43	5.85	0.48	10.59	11.71
ENSG00000005249.11	0.03	0.02	0.36	0.95	1.84	0.41	0.06	0.37	1.83	0.00	1.68
ENSG00000005302.16	12.39	11.49	20.44	13.27	11.57	5.96	10.76	14.32	15.75	4.45	10.21
ENSG00000005339.11	12.03	9.58	14.49	21.07	20.15	27.91	10.74	10.08	15.38	11.33	48.09
ENSG00000005436.12	5.55	2.87	15.32	5.82	12.76	6.62	8.46	5.15	7.17	6.18	5.85
ENSG00000005448.15	90.64	81.04	27.56	13.92	21.12	41.83	14.89	20.75	62.40	23.30	37.36
ENSG00000005469.10	9.00	15.11	2.48	9.72	5.14	4.38	9.77	3.58	4.37	4.62	0.80
ENSG00000005483.18	11.04	13.66	14.77	84.11	17.20	33.80	11.57	10.60	9.10	15.24	28.03
ENSG00000005486.15	44.34	38.30	27.23	47.32	33.81	57.64	37.77	43.91	46.70	59.50	33.98
ENSG00000005700.13	4.04	4.61	8.48	18.94	13.58	5.32	8.48	7.20	7.67	1.18	1.96
ENSG00000005801.15	11.54	13.54	6.20	7.86	12.29	3.39	12.00	9.45	13.29	17.71	8.02
ENSG00000005810.16	9.01	10.62	8.71	18.88	7.04	14.14	14.58	6.16	7.09	18.43	15.26
ENSG00000005812.9	7.10	7.05	12.30	12.28	4.70	4.59	14.44	7.02	8.41	4.37	6.32
ENSG00000005882.10	8.39	66.93	18.37	19.02	27.88	17.54	12.54	8.01	39.53	20.04	1.38
ENSG00000005884.16	410.96	219.05	181.43	77.25	360.41	117.58	256.24	555.31	161.95	388.13	54.45
ENSG00000005889.14	9.61	5.30	18.72	10.20	9.55	6.32	11.85	8.19	8.18	3.29	4.71
ENSG00000005893.14	65.68	77.93	152.26	123.23	79.65	30.91	45.12	61.73	48.29	10.40	19.67
ENSG00000005961.16	0.61	0.18	0.02	0.49	2.14	0.31	0.11	0.09	0.10	0.06	3.60
ENSG00000006007.10	41.95	34.54	32.16	128.65	33.03	14.27	42.51	43.64	35.52	16.26	17.79
ENSG00000006015.16	52.34	39.48	38.05	23.34	4.42	63.80	34.43	62.11	41.80	58.29	105.62
ENSG00000006016.9	4.82	4.10	4.38	3.69	3.52	9.24	9.70	3.84	3.78	4.23	5.15
ENSG00000006025.10	9.01	12.46	2.83	4.50	7.16	4.53	2.80	10.27	9.39	0.76	1.51
ENSG00000006042.10	55.29	12.34	0.07	0.81	11.14	1.63	9.80	51.99	0.05	5.05	0.68
ENSG00000006047.11	0.07	0.30	0.00	3.20	0.44	0.00	0.05	1.05	0.38	0.04	53.65
ENSG00000006062.12	17.76	5.24	20.66	4.49	25.72	12.56	5.03	3.96	9.12	8.18	21.52
ENSG00000006071.10	0.93	0.18	0.00	0.13	2.87	0.62	0.00	0.00	0.04	0.00	0.26
ENSG00000006118.13	13.39	175.07	27.48	21.76	26.44	24.78	22.63	117.41	38.92	10.78	35.55
ENSG00000006125.15	96.19	91.00	73.02	87.70	183.30	44.33	96.87	61.87	165.06	72.09	38.44
ENSG00000006194.9	12.62	14.41	20.18	15.76	22.88	13.53	16.72	18.20	18.98	20.09	40.95
ENSG00000006210.6	0.00	0.00	0.00	23.73	8.85	0.05	0.00	0.79	0.00	0.03	0.00
ENSG00000006282.18	51.41	18.37	36.80	27.07	38.66	43.85	24.02	42.80	71.68	15.66	105.22
ENSG00000006283.16	0.52	0.00	0.50	0.83	1.34	0.23	0.00	0.00	0.02	0.00	0.27
ENSG00000006327.12	194.53	68.97	160.78	61.29	162.48	432.56	149.77	320.69	196.00	206.24	395.80
ENSG00000006377.10	0.13	1.13	0.00	5.97	0.74	0.46	0.00	0.00	0.00	0.00	6.26
ENSG00000006432.14	7.76	1.95	1.51	1.46	1.67	1.48	4.34	4.49	2.81	8.31	2.83
ENSG00000006451.6	17.37	15.00	19.98	23.70	19.67	17.56	19.24	39.44	21.70	11.57	10.49
ENSG00000006453.12	25.39	17.50	8.38	19.32	9.06	12.16	23.61	29.07	23.05	30.29	1.85
ENSG00000006459.9	0.13	0.84	0.37	2.37	1.62	0.39	0.83	0.58	0.17	1.44	1.91
ENSG00000006468.12	4.92	0.00	0.46	3.13	9.13	11.74	2.69	4.93	19.24	2.11	18.70
ENSG00000006530.14	23.01	11.93	29.12	29.44	21.71	17.83	24.44	16.87	24.88	29.17	13.74
ENSG00000006534.14	54.20	59.08	6.72	41.63	18.61	6.85	26.46	50.25	6.80	9.93	27.71
ENSG00000006555.9	1.62	7.18	0.00	0.12	0.23	0.06	3.27	7.20	0.00	2.20	0.00
ENSG00000006576.15	7.30	7.16	13.73	43.17	22.94	13.87	9.84	2.51	15.46	6.74	1.73
ENSG00000006606.7	0.00	0.22	0.00	0.57	0.00	1.38	0.00	0.59	0.93	0.00	0.00
ENSG00000006607.12	17.43	11.33	14.06	26.94	26.71	11.30	24.53	12.57	14.69	12.06	19.11
ENSG00000006625.16	55.50	48.41	54.40	44.22	58.06	47.47	56.55	24.16	43.84	88.45	33.15
ENSG00000006634.6	14.06	7.39	18.46	50.86	29.11	13.77	13.34	5.14	23.33	17.86	9.16
ENSG00000006638.10	0.16	0.13	2.19	1.80	1.90	6.42	0.09	0.32	2.56	0.79	0.82
ENSG00000006652.12	13.14	16.48	38.12	59.66	30.35	27.76	19.18	26.04	23.71	13.55	22.65
ENSG00000006695.9	10.74	8.89	20.18	8.95	7.88	11.91	15.88	11.28	10.05	22.55	5.33
ENSG00000006704.9	12.40	19.94	8.67	13.58	8.16	15.86	16.37	22.05	20.63	24.26	40.23
ENSG00000006712.13	43.12	25.99	43.35	35.56	57.22	74.02	34.79	35.06	57.48	46.02	60.27
ENSG00000006715.14	17.13	16.66	16.29	21.84	19.93	11.01	23.95	8.83	9.72	5.57	11.02
ENSG00000006740.15	0.04	0.00	1.31	0.46	0.29	5.82	0.05	0.02	0.02	0.40	1.59
ENSG00000006744.17	67.74	43.45	100.28	55.04	38.97	128.18	72.00	72.91	91.48	142.22	93.03
ENSG00000006747.13	0.01	0.14	0.02	0.22	0.23	0.06	0.17	0.15	2.17	0.00	0.03
ENSG00000006756.14	15.23	0.00	0.00	0.21	5.38	2.34	7.56	9.12	4.71	5.01	10.26
ENSG00000006757.10	53.13	28.95	7.70	14.03	5.25	6.31	26.57	28.06	14.73	36.87	0.00
ENSG00000006831.9	37.94	21.44	21.99	33.27	35.47	16.15	26.69	22.50	29.72	22.88	7.08
ENSG00000007038.9	14.43	0.00	0.00	0.11	0.00	82.53	17.16	44.94	0.00	0.00	0.16
ENSG00000007047.13	24.28	12.86	17.21	15.26	36.03	16.55	18.99	19.84	9.90	14.25	33.77
ENSG00000007080.9	118.80	87.39	115.39	79.82	40.33	218.62	131.24	139.28	141.97	186.03	338.51
ENSG00000007168.11	50.53	50.11	101.23	108.12	65.09	70.68	60.57	78.85	62.99	53.16	15.49
ENSG00000007171.15	0.00	0.00	0.00	0.44	1.39	0.00	0.00	0.00	0.00	0.00	0.16
ENSG00000007202.13	34.57	30.38	33.38	35.93	79.06	40.16	44.75	37.17	77.54	76.86	70.38
ENSG00000007255.9	17.20	35.00	9.67	12.38	12.85	7.92	5.89	11.67	5.55	15.40	47.41
ENSG00000007264.12	0.00	0.00	0.71	1.34	1.40	0.00	0.00	0.00	0.00	0.44	4.20
ENSG00000007341.17	9.25	8.71	10.84	15.88	16.50	10.11	7.02	8.83	26.18	4.55	8.68
ENSG00000007372.19	0.06	0.29	10.44	5.51	16.00	0.12	0.19	0.04	0.26	0.00	12.72
ENSG00000007376.6	81.54	44.86	47.98	10.81	17.10	31.89	58.23	57.19	51.74	54.00	24.17
ENSG00000007384.14	33.07	35.52	17.14	14.82	19.27	27.69	16.52	63.42	21.70	5.26	17.98
ENSG00000007392.15	26.14	16.18	29.36	17.95	18.80	21.01	23.58	23.18	46.90	22.85	14.67
ENSG00000007516.12	0.88	0.95	0.16	0.19	0.08	0.27	0.23	1.20	2.94	0.00	0.78
ENSG00000007520.3	65.43	41.28	39.53	29.86	30.36	99.36	56.37	65.40	38.88	82.69	84.14
ENSG00000007541.13	37.13	20.45	16.53	12.89	21.50	41.54	19.73	31.65	34.12	12.50	20.48
ENSG00000007545.14	7.80	7.37	6.07	7.94	9.59	7.34	8.49	4.80	6.64	9.03	21.34
ENSG00000007866.17	12.61	32.61	6.87	8.99	6.47	14.78	9.05	31.10	14.79	13.21	15.24
ENSG00000007923.14	49.00	28.07	57.53	29.40	35.36	44.50	41.95	18.53	37.15	49.16	52.44
ENSG00000007933.11	0.00	0.00	0.00	0.20	0.29	1.99	0.00	0.00	0.00	0.00	0.00
ENSG00000007944.13	0.86	5.92	0.00	3.14	3.64	3.05	0.45	0.64	9.12	0.65	1.23
ENSG00000007968.6	5.76	3.15	5.25	10.65	5.02	10.79	2.75	1.30	3.32	3.18	2.69
ENSG00000008018.8	122.84	173.80	144.39	169.27	191.81	134.03	194.42	201.92	266.18	202.73	159.70
ENSG00000008056.11	0.39	0.00	0.41	0.71	0.02	0.00	0.05	1.14	0.07	0.06	0.75
ENSG00000008083.12	4.30	6.02	8.75	6.68	7.94	6.95	6.40	18.68	6.02	9.05	15.36
ENSG00000008086.9	0.68	1.94	0.80	3.89	3.68	1.50	0.83	0.90	0.79	0.08	0.69
ENSG00000008128.21	34.57	23.74	39.63	14.04	22.92	35.85	46.13	20.37	37.02	18.61	85.85
ENSG00000008130.14	37.75	45.80	58.25	21.20	37.65	71.83	57.93	30.07	41.61	46.03	111.40
ENSG00000008197.4	0.00	0.00	0.00	0.00	0.00	1.69	0.00	0.00	0.00	0.00	0.00
ENSG00000008256.14	20.46	14.29	11.80	7.92	19.70	47.02	16.10	11.42	17.49	18.81	47.88
ENSG00000008277.13	0.20	0.06	0.56	0.63	0.26	0.11	0.05	0.03	3.08	0.02	1.39
ENSG00000008282.6	87.88	38.13	29.85	106.18	27.81	33.29	74.23	52.88	62.68	30.50	9.57
ENSG00000008283.14	67.05	39.76	15.11	9.93	25.17	38.21	30.24	50.97	46.05	33.80	14.44
ENSG00000008294.19	14.53	17.16	24.57	48.65	67.32	28.95	18.73	24.11	27.64	14.01	62.68
ENSG00000008300.13	6.92	3.17	6.08	4.60	11.02	7.24	2.67	6.26	2.79	2.31	15.31
ENSG00000008311.13	0.52	0.93	0.08	0.53	0.12	1.70	3.13	0.70	12.80	0.09	0.44
ENSG00000008323.14	1.34	4.12	0.04	0.35	0.25	0.23	0.22	2.77	0.00	1.60	0.24
ENSG00000008324.9	22.03	18.45	29.42	25.10	15.63	14.24	19.25	11.24	23.61	20.88	15.29
ENSG00000008382.14	8.75	8.14	8.25	7.89	8.16	13.72	6.83	11.59	16.96	12.82	26.87
ENSG00000008394.11	505.99	494.68	0.00	680.80	250.20	140.80	409.37	474.54	204.97	72.19	3.77
ENSG00000008405.10	3.86	1.79	6.28	5.19	7.56	5.42	3.71	7.12	19.12	5.31	15.01
ENSG00000008441.15	33.89	13.98	103.86	119.28	56.81	122.60	38.85	21.92	12.99	49.05	190.65
ENSG00000008513.13	10.02	12.10	5.86	21.06	0.71	33.78	7.09	35.59	6.48	14.51	11.57
ENSG00000008516.15	0.76	1.31	0.33	0.32	0.52	0.41	0.11	1.04	0.13	0.73	2.58
ENSG00000008517.15	0.32	4.37	1.27	2.31	2.83	7.80	10.35	58.00	18.17	11.84	2.71
ENSG00000008710.16	58.86	33.52	70.93	53.86	31.00	152.57	57.10	55.88	57.70	33.46	418.70
ENSG00000008735.13	0.92	0.06	0.53	0.66	4.86	0.34	0.42	0.49	0.25	0.80	1.64
ENSG00000008838.16	86.04	48.28	36.60	32.63	71.44	47.72	115.41	67.14	74.21	76.46	69.16
ENSG00000008853.15	36.54	18.51	22.69	6.07	7.11	18.96	35.27	7.33	9.91	22.99	16.43
ENSG00000008869.10	3.38	6.23	3.61	3.42	2.76	4.68	5.04	4.52	4.06	2.41	1.90
ENSG00000008952.15	35.24	25.27	37.85	58.22	115.69	34.16	33.85	24.05	40.69	13.22	3.79
ENSG00000008988.8	1668.91	1581.72	1557.97	1251.73	780.32	1563.27	1600.37	1314.73	897.16	2882.56	1533.07
ENSG00000009307.14	147.87	176.08	97.16	233.16	765.55	152.95	147.48	129.50	278.29	137.54	111.78
ENSG00000009335.16	33.28	27.57	39.02	86.88	49.19	38.58	48.46	32.65	53.76	58.24	31.34
ENSG00000009413.14	2.75	5.00	5.84	29.93	13.27	12.27	6.06	1.60	4.55	2.24	1.16
ENSG00000009694.12	0.00	0.12	0.00	0.02	0.04	0.62	0.11	0.00	1.10	0.04	0.12
ENSG00000009709.10	0.00	0.00	0.00	3.54	0.00	0.03	0.00	0.00	0.00	0.00	0.05
ENSG00000009724.15	1.11	0.58	0.39	0.78	0.55	0.92	0.91	0.35	0.68	0.25	3.48
ENSG00000009780.14	5.51	3.56	4.60	6.99	2.71	7.32	4.83	3.02	4.73	0.71	5.00
ENSG00000009790.13	0.07	2.63	0.00	0.23	0.06	0.02	0.68	0.03	0.02	0.68	1.44
ENSG00000009830.10	15.60	12.73	8.35	22.97	42.25	15.26	15.40	11.78	13.79	16.93	27.19
ENSG00000009844.14	16.38	22.02	57.69	32.90	55.62	25.64	24.99	29.33	32.69	11.24	8.59
ENSG00000009950.14	5.52	0.54	0.25	1.57	0.68	1.35	0.29	0.33	0.51	1.26	0.80
ENSG00000009954.9	25.08	12.77	27.08	36.39	42.89	38.85	28.09	11.92	45.15	24.34	23.40
ENSG00000010017.12	4.46	11.94	31.76	27.36	32.88	17.25	13.76	18.98	28.91	3.95	22.54
ENSG00000010030.12	0.67	1.34	0.05	0.00	0.11	0.00	0.29	0.27	0.00	0.00	0.08
ENSG00000010072.14	14.95	13.21	8.61	6.81	24.89	6.56	18.35	7.02	12.52	22.27	8.16
ENSG00000010165.18	34.48	22.01	42.96	41.57	31.83	27.41	38.68	27.67	38.40	54.89	29.48
ENSG00000010219.12	61.27	26.11	29.08	3.41	33.34	13.37	36.51	35.83	20.06	30.75	32.33
ENSG00000010244.15	124.88	88.90	122.28	114.92	162.69	79.76	124.53	117.57	92.21	103.24	50.68
ENSG00000010256.9	367.20	449.71	214.23	411.74	256.26	237.31	415.80	352.35	247.23	404.82	236.31
ENSG00000010270.12	19.71	10.42	28.54	30.52	33.89	21.05	24.44	25.07	34.38	16.87	20.68
ENSG00000010278.10	335.77	339.93	6.61	14.58	28.65	17.78	143.84	203.70	186.44	348.42	101.54
ENSG00000010292.11	96.24	43.28	35.75	184.71	91.99	66.19	60.83	14.71	130.22	71.31	62.33
ENSG00000010295.18	0.14	0.13	0.07	0.45	0.16	21.16	0.18	0.11	6.00	0.24	0.84
ENSG00000010310.7	0.24	0.37	0.08	0.09	0.49	0.22	0.04	2.16	0.26	0.52	9.39
ENSG00000010318.18	4.49	4.89	5.60	27.92	9.93	5.94	5.29	2.95	15.98	6.66	18.11
ENSG00000010319.5	0.01	0.03	0.00	0.15	0.00	0.21	0.00	0.13	1.77	0.00	0.04
ENSG00000010322.14	36.91	44.98	34.30	31.19	26.67	22.03	19.68	17.86	22.59	16.05	49.03
ENSG00000010361.12	6.68	10.97	11.22	0.14	2.08	17.07	8.68	8.98	0.76	8.21	30.82
ENSG00000010379.14	0.00	0.00	0.00	0.14	0.11	0.48	0.00	0.00	1.08	0.11	0.30
ENSG00000010404.16	27.85	29.99	38.93	24.15	21.94	33.01	15.59	33.85	130.78	13.36	84.69
ENSG00000010438.15	157.25	6.71	0.00	0.62	0.00	0.00	3.22	199.31	37.62	18.07	0.00
ENSG00000010539.10	4.37	2.56	7.00	5.54	7.28	3.29	3.34	4.65	4.33	2.29	4.49
ENSG00000010626.13	6.33	1.30	1.95	8.18	2.38	3.57	1.39	3.78	2.16	5.16	7.01
ENSG00000010704.17	5.20	5.79	2.01	7.20	5.71	2.53	3.96	4.39	5.12	7.19	7.79
ENSG00000010803.15	18.57	14.30	22.89	28.11	26.24	24.74	19.85	14.70	14.98	23.67	54.76
ENSG00000010810.16	17.10	19.55	6.74	18.36	13.49	58.97	5.40	30.42	29.19	1.03	39.88
ENSG00000010818.7	2.83	3.26	3.48	6.89	2.82	7.82	7.72	5.28	3.65	2.41	3.17
ENSG00000011007.11	30.09	19.78	38.80	36.44	36.62	36.79	30.40	31.15	40.18	33.62	28.78
ENSG00000011009.9	97.57	95.21	52.43	20.69	22.39	80.63	80.80	152.99	65.86	100.45	63.84
ENSG00000011021.20	9.25	5.18	7.34	7.99	4.79	10.35	4.61	2.51	5.19	3.72	12.60
ENSG00000011028.12	17.83	22.23	57.32	8.73	33.67	67.02	4.89	3.99	18.03	3.77	106.38
ENSG00000011052.20	20.58	12.47	12.06	6.23	18.07	33.71	18.91	23.32	22.03	16.01	21.05
ENSG00000011105.10	6.70	5.91	20.39	27.83	39.70	10.76	9.09	15.59	4.49	13.32	6.89
ENSG00000011114.13	8.12	7.19	6.72	19.35	10.67	7.96	8.09	7.45	6.65	5.49	10.16
ENSG00000011132.10	6.93	11.58	9.51	3.63	6.30	16.06	13.38	16.74	13.00	12.86	56.28
ENSG00000011143.15	16.18	13.41	7.03	9.53	18.19	7.21	9.51	10.37	8.67	9.16	27.46
ENSG00000011198.6	13.93	38.50	21.50	19.03	7.62	14.48	19.14	18.83	16.04	4.13	1.21
ENSG00000011201.9	0.09	0.64	13.83	6.08	0.00	2.94	0.04	0.00	5.21	0.00	0.00
ENSG00000011243.16	40.84	40.85	31.77	60.46	54.03	37.17	50.60	48.42	42.74	45.20	75.41
ENSG00000011258.14	2.12	3.45	2.83	3.70	5.72	1.28	1.86	1.04	2.06	0.25	0.50
ENSG00000011260.12	22.43	10.61	27.24	25.29	54.42	17.61	24.46	18.88	38.00	20.25	20.86
ENSG00000011275.17	9.93	6.09	26.15	20.43	20.37	23.88	13.62	12.93	16.91	13.84	33.90
ENSG00000011295.14	19.49	42.72	32.00	38.28	14.40	14.70	11.71	13.18	25.15	8.45	14.19
ENSG00000011304.15	429.62	219.68	407.11	198.41	302.54	561.05	373.93	261.85	396.44	437.43	698.06
ENSG00000011332.18	6.76	0.72	10.92	4.79	4.79	30.47	2.92	0.87	8.57	1.19	4.66
ENSG00000011347.8	3.57	5.79	0.90	29.14	2.16	1.50	0.99	3.03	0.83	4.87	6.04
ENSG00000011376.8	17.61	5.94	14.26	16.64	12.13	10.15	12.56	10.37	13.78	9.84	6.14
ENSG00000011405.12	4.93	5.99	7.69	7.99	20.06	4.73	8.78	3.91	4.31	2.35	1.66
ENSG00000011422.10	20.98	22.42	61.09	8.98	23.55	107.08	26.59	158.32	120.31	47.06	83.42
ENSG00000011426.9	71.92	36.95	103.01	115.75	119.55	118.65	89.81	21.82	152.79	55.33	37.00
ENSG00000011451.16	28.16	19.76	37.98	19.15	17.23	43.96	26.60	27.33	28.41	27.57	49.34
ENSG00000011454.15	12.03	12.60	16.00	11.86	20.19	5.75	7.40	6.38	9.20	3.89	6.11
ENSG00000011465.15	0.00	0.36	133.77	27.13	0.09	32.61	35.18	0.05	0.00	2.17	0.00
ENSG00000011478.10	11.22	8.24	26.19	10.85	10.41	23.19	12.75	11.04	18.34	11.18	18.77
ENSG00000011485.13	85.79	49.16	88.95	41.16	123.42	98.42	118.25	83.35	107.84	105.33	53.51
ENSG00000011523.12	3.68	5.86	2.06	5.25	5.68	5.76	3.46	2.65	2.42	4.59	6.69
ENSG00000011566.13	5.84	6.98	4.82	9.30	6.63	4.04	6.18	3.12	7.23	6.60	3.08
ENSG00000011638.9	21.32	53.89	13.02	23.76	7.84	9.17	15.14	33.21	5.92	19.34	25.59
ENSG00000011677.11	5.88	0.06	0.00	0.02	0.00	1.88	0.00	0.00	6.19	0.00	4.28
ENSG00000012048.18	18.54	5.97	7.48	7.96	10.20	30.65	13.22	7.43	17.88	18.82	19.52
ENSG00000012061.14	89.77	72.98	60.80	44.61	91.83	131.15	72.88	104.68	65.30	73.84	122.00
ENSG00000012124.13	1.74	3.06	0.31	5.41	1.11	8.34	1.03	2.55	4.42	0.59	1.36
ENSG00000012171.16	15.67	55.54	3.35	0.65	1.25	8.15	2.69	50.57	1.19	2.28	9.90
ENSG00000012174.10	7.40	4.67	16.42	8.71	9.15	3.47	5.78	5.84	8.26	0.93	12.71
ENSG00000012211.11	24.09	22.25	10.53	6.11	3.11	3.97	20.18	14.96	4.66	18.40	35.64
ENSG00000012223.11	0.00	0.00	0.18	0.26	0.00	0.00	1.87	0.15	0.00	0.73	0.05
ENSG00000012232.7	14.86	14.88	15.31	12.70	11.99	15.30	21.47	17.93	12.86	17.30	15.65
ENSG00000012660.12	29.42	43.43	71.88	69.51	72.08	53.88	37.81	36.49	47.94	48.76	85.33
ENSG00000012779.9	15.94	1.14	0.00	0.00	0.00	0.00	0.00	0.00	0.00	0.30	0.06
ENSG00000012822.14	18.19	104.82	11.45	11.85	12.76	10.95	26.89	35.09	9.27	8.75	45.56
ENSG00000012963.12	23.55	8.67	17.16	47.98	24.98	38.58	18.29	16.96	27.11	27.07	25.08
ENSG00000012983.10	14.40	15.55	9.90	21.07	24.01	23.43	13.57	13.88	24.22	15.74	20.82
ENSG00000013016.13	4.71	2.17	8.01	4.02	2.21	6.41	0.30	2.17	0.00	2.35	29.44
ENSG00000013275.6	119.21	60.19	117.27	49.28	127.00	226.46	99.24	137.25	111.59	163.97	132.50
ENSG00000013288.7	13.37	10.64	13.97	4.93	6.27	13.59	8.53	18.82	16.54	9.53	19.60
ENSG00000013306.14	171.33	180.24	140.67	60.04	163.77	104.54	189.34	251.94	186.83	284.38	228.39
ENSG00000013364.17	48.05	117.37	30.03	91.73	24.52	77.88	45.43	167.86	29.02	65.55	194.50
ENSG00000013374.14	22.74	20.07	16.23	85.65	34.20	33.29	31.54	19.74	30.42	25.98	75.47
ENSG00000013375.14	8.05	7.95	30.62	41.32	23.58	17.02	21.79	55.21	16.12	10.04	6.39
ENSG00000013392.7	0.31	0.58	1.31	1.60	0.64	0.50	0.78	1.16	1.13	0.16	0.52
ENSG00000013441.14	23.11	15.85	11.81	23.54	22.19	11.05	14.29	12.71	11.71	3.44	2.71
ENSG00000013503.8	2.18	3.62	3.73	4.70	7.18	5.51	5.77	3.74	6.02	4.68	2.67
ENSG00000013523.8	9.60	3.40	6.69	10.75	15.29	1.79	11.32	4.77	2.37	11.10	15.41
ENSG00000013561.16	22.63	40.20	39.35	37.88	41.37	27.43	45.15	31.41	31.59	12.13	23.28
ENSG00000013563.12	27.02	15.37	19.39	35.56	15.85	39.03	24.48	60.28	16.47	18.60	22.22
ENSG00000013573.15	91.11	21.02	38.39	69.84	56.17	61.57	66.57	27.21	92.99	23.02	73.94
ENSG00000013583.7	37.79	36.11	22.86	67.33	54.29	12.74	28.34	29.05	45.07	35.93	41.68
ENSG00000013588.5	301.11	230.05	10.08	0.60	19.96	10.74	91.75	575.11	54.92	121.81	38.46
ENSG00000013619.12	2.24	3.36	29.02	1.91	1.34	9.86	2.45	3.99	14.04	2.60	3.33
ENSG00000013810.17	72.52	32.69	47.17	39.16	52.87	72.37	53.75	21.39	104.71	63.75	49.22
ENSG00000014123.9	3.41	6.13	6.77	4.12	7.54	4.60	7.01	4.92	4.75	1.30	1.53
ENSG00000014138.7	33.67	3.73	35.19	68.96	27.50	45.33	25.43	16.58	16.12	15.74	7.68
ENSG00000014164.6	16.19	13.03	19.44	12.18	4.52	25.84	20.59	26.58	13.61	31.82	26.56
ENSG00000014216.14	314.86	356.02	56.42	79.51	40.34	50.32	219.40	222.63	62.88	181.23	50.16
ENSG00000014257.14	0.04	3.27	0.00	0.08	0.00	0.00	0.07	1.68	0.21	0.18	0.00
ENSG00000014641.16	132.79	102.45	78.94	92.76	147.94	63.42	108.12	76.39	163.67	101.05	65.86
ENSG00000014824.12	32.85	21.66	18.58	34.94	28.40	14.27	23.13	26.02	17.40	16.58	31.08
ENSG00000014914.18	7.28	7.11	9.72	13.07	5.44	4.66	16.69	16.71	70.35	13.80	53.89
ENSG00000014919.11	19.29	13.55	22.82	20.73	15.67	8.09	16.82	13.64	22.07	17.30	14.71
ENSG00000015133.17	3.16	9.82	2.51	5.82	0.97	0.63	8.35	2.90	6.46	8.57	6.59
ENSG00000015153.13	9.00	4.74	8.17	7.13	2.58	5.42	7.31	5.36	6.69	3.65	5.41
ENSG00000015171.17	17.47	14.22	30.86	29.41	50.74	15.86	20.04	14.96	24.26	6.59	17.87
ENSG00000015475.17	56.65	26.87	52.10	15.84	86.98	49.28	45.98	157.09	48.04	32.70	2.12
ENSG00000015479.16	72.78	58.73	129.08	159.71	139.74	81.99	89.80	62.84	128.11	55.79	11.77
ENSG00000015532.8	19.74	22.06	12.06	11.46	15.84	17.72	9.18	13.30	12.19	19.04	17.44
ENSG00000015568.11	2.70	0.45	0.86	1.42	2.39	1.19	1.01	3.72	0.53	3.59	3.66
ENSG00000015676.16	50.00	45.87	60.85	48.03	63.21	72.13	66.93	40.94	56.33	109.60	115.49
ENSG00000016082.13	5.77	0.98	0.00	0.00	0.06	0.00	0.21	1.03	0.51	0.75	1.07
ENSG00000016391.9	0.00	0.09	0.84	2.00	0.74	0.12	0.84	0.66	0.03	0.93	2.81
ENSG00000016402.11	0.74	0.13	0.00	0.00	0.07	0.00	5.12	0.25	0.11	0.41	0.00
ENSG00000016602.9	0.00	2.10	0.00	0.04	0.00	0.00	0.09	0.06	0.00	0.06	0.00
ENSG00000016864.15	33.41	34.93	39.76	60.56	18.85	26.21	35.99	24.09	34.10	7.18	19.77
ENSG00000017260.18	46.70	48.83	24.02	66.63	69.23	44.02	24.35	31.48	33.06	12.08	6.86
ENSG00000017483.13	0.54	0.38	0.00	0.32	43.44	0.29	0.11	0.21	0.04	0.33	0.87
ENSG00000017797.10	30.75	35.61	22.56	26.52	45.45	24.93	31.52	21.49	40.43	23.62	44.04
ENSG00000018189.11	5.29	10.75	5.65	4.56	10.88	3.53	4.84	4.98	4.53	3.01	11.59
ENSG00000018236.13	1.43	1.06	0.04	0.02	0.09	0.00	0.00	0.00	0.40	0.75	0.00
ENSG00000018280.15	0.39	0.04	0.01	0.25	0.49	0.12	0.10	1.50	0.36	0.80	0.16
ENSG00000018408.13	24.29	8.77	49.04	135.27	164.36	49.73	15.82	28.07	37.78	37.66	85.79
ENSG00000018510.11	6.76	4.27	6.16	12.48	15.12	11.67	6.05	5.64	10.24	3.22	23.91
ENSG00000018610.12	15.58	11.73	33.93	22.70	49.24	15.20	8.24	8.75	19.07	4.48	15.59
ENSG00000018625.13	0.04	0.14	0.00	1.51	0.00	0.31	0.00	0.43	0.05	0.00	0.02
ENSG00000018699.10	12.67	4.63	9.65	15.87	8.34	5.27	11.63	9.52	12.42	10.43	5.12
ENSG00000018869.15	0.00	0.44	1.76	0.91	2.38	0.36	0.00	2.69	0.00	0.00	0.41
ENSG00000019144.15	54.54	29.98	12.47	14.30	23.25	36.25	24.03	19.09	23.08	38.17	34.66
ENSG00000019169.10	0.00	5.98	0.00	0.00	0.00	0.00	0.64	3.17	0.00	1.17	0.06
ENSG00000019186.8	1.03	0.54	0.00	0.36	16.53	0.37	0.14	0.09	3.75	0.19	0.00
ENSG00000019485.11	3.46	5.25	8.50	1.30	1.44	4.32	2.77	1.69	6.76	2.01	6.18
ENSG00000019549.7	61.01	34.30	24.98	29.25	34.81	39.98	43.95	64.44	4.55	58.18	35.15
ENSG00000019582.13	6.28	0.00	0.00	7.13	0.62	0.19	0.68	1.18	0.39	0.59	1.74
ENSG00000019995.6	3.78	2.85	4.48	9.97	15.64	5.02	3.52	2.80	3.13	1.21	1.78
ENSG00000020129.14	25.35	20.15	36.65	11.78	13.33	91.88	16.10	25.89	20.17	25.87	95.77
ENSG00000020181.16	0.33	0.05	5.82	3.02	0.96	8.07	0.01	0.07	0.42	0.00	2.04
ENSG00000020256.18	37.51	11.60	16.79	11.83	20.18	13.37	16.29	13.07	6.48	29.79	16.16
ENSG00000020426.9	28.01	16.14	30.44	28.51	45.61	15.83	22.96	22.05	41.08	10.13	10.36
ENSG00000020577.12	20.55	9.38	17.72	2.23	16.44	24.19	7.90	8.56	21.36	11.03	30.03
ENSG00000020633.17	0.02	0.00	0.20	12.59	26.41	0.52	0.00	0.00	0.00	0.62	18.21
ENSG00000020922.11	5.89	5.90	8.28	9.71	27.87	6.18	12.06	4.61	8.97	1.17	1.19
ENSG00000021300.12	0.06	0.16	0.11	0.18	0.12	0.31	0.12	0.22	3.20	0.00	5.96
ENSG00000021355.11	0.02	7.85	0.02	0.14	13.85	6.18	13.70	110.97	15.74	19.31	0.08
ENSG00000021574.10	3.26	2.54	3.48	3.87	3.98	2.78	3.43	2.50	4.50	0.59	1.67
ENSG00000021645.16	1.62	0.89	5.78	0.12	0.00	1.00	0.00	0.00	0.02	0.00	0.33
ENSG00000021762.18	34.64	56.92	5.92	4.25	4.07	4.77	42.36	58.50	6.68	36.31	12.59
ENSG00000021776.9	13.27	5.66	16.30	11.33	9.45	3.45	9.60	7.96	8.71	3.76	2.94
ENSG00000021826.13	11.70	4.78	6.35	0.55	29.63	5.84	6.76	1.54	1.69	0.51	3.37
ENSG00000022267.15	3.65	1.49	70.42	44.10	4.82	338.13	20.63	0.72	6.74	1.32	82.71
ENSG00000022277.11	81.60	62.19	107.50	113.88	99.37	80.97	71.12	54.21	82.38	80.41	51.07
ENSG00000022556.14	0.00	0.00	0.00	12.59	18.51	1.70	0.00	0.08	0.04	1.08	0.00
ENSG00000022567.8	2.27	1.96	8.19	5.90	3.47	15.61	6.13	3.64	4.37	8.08	12.26
ENSG00000022840.14	37.54	86.55	46.24	84.04	97.40	43.03	69.79	55.06	82.09	106.75	112.90
ENSG00000022976.14	6.83	3.23	4.11	7.01	9.44	4.39	4.81	6.37	10.00	7.18	17.36
ENSG00000023041.10	25.18	13.40	20.29	11.78	17.72	6.96	17.68	11.86	15.86	5.70	4.86
ENSG00000023171.13	0.00	0.00	0.00	0.83	0.49	1.23	0.50	0.70	0.00	0.07	0.00
ENSG00000023191.15	172.00	133.40	86.45	57.16	60.21	557.02	184.10	177.98	175.03	159.90	333.21
ENSG00000023228.12	46.04	16.15	47.40	53.56	66.45	38.93	66.79	46.80	59.79	24.65	7.47
ENSG00000023287.11	4.95	7.18	12.22	12.56	10.23	8.01	8.31	4.70	5.65	8.78	38.41
ENSG00000023318.7	8.99	7.47	15.74	15.18	14.92	4.52	9.57	5.63	5.89	6.45	2.79
ENSG00000023330.13	29.44	13.11	60.84	47.73	24.85	44.68	20.51	51.87	61.55	36.01	37.67
ENSG00000023445.12	2.93	5.75	2.01	1.18	2.40	0.99	15.60	24.98	3.69	0.78	0.55
ENSG00000023516.8	3.45	3.45	5.11	12.37	10.65	3.42	4.27	1.77	6.34	0.90	1.24
ENSG00000023572.7	9.44	4.92	34.54	18.63	12.07	11.52	19.65	8.79	13.69	27.23	26.13
ENSG00000023608.4	2.81	3.18	5.63	7.57	14.31	6.50	3.28	4.35	39.54	2.83	8.44
ENSG00000023697.11	55.55	56.97	20.64	44.59	19.38	10.94	31.55	41.67	31.89	39.74	6.41
ENSG00000023734.9	139.07	62.14	92.56	138.30	136.45	64.56	100.51	107.23	89.24	92.95	53.09
ENSG00000023839.9	0.53	25.55	0.29	1.38	0.53	0.36	4.04	3.98	0.48	4.08	0.11
ENSG00000023892.10	9.97	19.52	0.05	16.42	3.60	3.62	12.82	5.03	19.03	27.65	12.11
ENSG00000023902.12	2.87	0.91	20.73	5.99	6.50	21.35	6.92	6.68	9.60	6.33	9.30
ENSG00000023909.8	24.48	15.19	20.03	190.74	39.02	15.56	12.98	18.81	35.81	1.14	4.91
ENSG00000024048.9	1.90	5.79	4.22	13.06	5.43	3.92	5.53	3.28	4.25	1.89	3.48
ENSG00000024422.10	122.24	106.48	87.04	24.38	53.37	302.44	96.23	87.85	32.04	112.52	130.27
ENSG00000024526.15	6.96	4.45	12.30	27.80	30.38	5.17	7.57	0.99	16.56	2.30	3.95
ENSG00000024862.15	3.49	9.12	3.92	12.04	10.58	3.68	7.02	3.81	5.91	4.07	2.47
ENSG00000025039.13	0.94	0.67	2.28	0.19	0.52	0.09	1.29	0.65	4.48	0.71	0.50
ENSG00000025156.11	4.41	3.15	17.39	24.89	10.21	6.21	6.75	3.81	14.06	1.36	1.89
ENSG00000025293.14	21.19	29.93	32.99	27.30	31.40	20.73	32.11	17.56	24.04	36.42	42.30
ENSG00000025423.10	1.25	2.69	0.39	4.05	0.80	1.26	0.59	0.40	2.09	0.44	3.80
ENSG00000025434.17	23.85	4.08	0.84	10.16	13.55	1.68	6.90	16.04	4.97	5.77	14.15
ENSG00000025708.11	0.89	0.62	0.83	2.35	7.39	2.29	21.92	123.07	0.05	28.77	10.30
ENSG00000025770.17	44.67	16.90	32.24	90.24	85.22	92.73	31.67	24.95	42.40	29.22	27.59
ENSG00000025772.7	48.37	28.38	59.59	83.16	54.56	43.55	47.09	49.18	126.85	48.20	51.60
ENSG00000025796.12	5.71	9.96	23.02	69.94	47.05	12.47	14.23	9.37	13.28	2.42	6.41
ENSG00000025800.12	19.42	17.86	22.60	23.09	37.29	18.66	21.21	17.23	20.67	18.01	28.24
ENSG00000026025.12	9.41	2.26	1486.74	1574.26	1463.04	4673.00	557.44	1693.35	1415.69	1120.18	10804.40
ENSG00000026036.19	7.97	1.41	8.07	1.74	1.82	8.80	3.29	8.09	9.09	3.33	4.93
ENSG00000026103.18	35.59	12.83	17.85	16.30	5.92	5.33	23.09	33.54	3.56	19.28	2.60
ENSG00000026297.14	5.11	11.65	10.49	6.66	4.18	7.29	15.60	14.01	22.41	14.41	7.54
ENSG00000026508.15	563.42	378.10	459.60	268.25	303.67	1493.33	438.78	559.78	257.10	342.99	683.91
ENSG00000026559.12	11.62	74.50	1.48	23.88	4.92	25.77	4.24	1.75	0.00	9.32	121.39
ENSG00000026652.12	1.11	2.11	2.99	1.94	2.54	1.98	2.61	5.62	3.55	5.77	9.77
ENSG00000026751.15	6.96	3.25	0.00	0.04	0.00	1.60	0.29	1.28	10.88	0.09	0.00
ENSG00000026950.15	0.75	3.83	1.15	10.11	6.33	1.79	2.42	2.91	2.37	0.47	3.80
ENSG00000027001.8	19.70	12.45	25.71	8.91	8.56	3.42	27.50	9.97	5.33	42.04	11.47
ENSG00000027075.12	4.81	9.26	1.39	0.85	2.51	0.71	8.88	3.62	1.38	7.49	3.61
ENSG00000027697.11	8.28	71.20	16.19	54.87	39.80	14.23	29.08	34.17	12.58	14.33	44.31
ENSG00000027847.12	29.50	31.58	23.17	14.13	14.72	33.61	30.22	38.34	22.94	24.87	74.67
ENSG00000027869.10	0.65	0.00	0.00	0.41	0.43	0.28	22.93	78.41	0.00	5.65	0.61
ENSG00000028116.15	14.80	12.22	2.50	16.28	10.72	11.69	9.77	14.71	13.32	5.85	5.12
ENSG00000028203.16	12.39	34.56	16.16	16.57	26.67	6.73	34.50	39.04	30.80	9.86	4.51
ENSG00000028277.19	0.30	0.09	0.20	0.25	0.09	0.63	0.46	1.10	0.49	0.00	0.40
ENSG00000028310.16	29.46	17.33	31.91	43.14	54.91	45.96	33.09	31.53	38.38	30.06	35.24
ENSG00000028528.13	52.30	43.53	38.18	48.27	26.68	36.80	29.19	42.56	49.58	49.65	61.26
ENSG00000028839.8	6.64	11.65	17.22	24.65	23.58	16.49	21.27	17.49	12.46	17.49	33.19
ENSG00000029153.13	17.44	4.39	6.69	6.89	7.55	4.62	10.90	34.22	10.79	5.10	3.70
ENSG00000029363.14	36.44	30.33	80.89	95.13	120.97	37.07	59.02	23.69	53.26	5.70	5.66
ENSG00000029364.10	23.62	32.30	18.56	45.03	34.07	27.48	28.30	24.49	23.07	28.91	24.96
ENSG00000029534.18	0.34	0.15	9.13	4.39	3.43	5.14	0.78	0.53	2.25	1.22	9.72
ENSG00000029639.9	4.53	3.03	10.42	12.24	8.44	5.34	16.16	13.13	5.58	10.72	11.83
ENSG00000029725.15	12.91	8.49	40.32	34.22	25.37	19.32	16.13	12.75	14.32	10.42	2.61
ENSG00000029993.13	71.28	67.42	86.01	146.48	111.75	10.87	103.65	37.91	87.18	7.46	5.38
ENSG00000030066.12	15.83	6.51	21.51	24.19	41.41	13.72	19.25	9.44	43.15	6.04	5.65
ENSG00000030110.11	24.06	23.59	31.28	13.45	37.79	35.57	37.00	38.26	26.42	77.20	39.23
ENSG00000030419.15	5.50	4.40	2.23	0.01	1.01	2.10	2.81	4.07	1.05	2.61	1.55
ENSG00000030582.15	255.57	884.61	223.28	82.53	82.11	162.87	208.02	445.66	229.99	274.50	210.65
ENSG00000031003.9	4.47	7.04	11.19	4.78	15.32	6.33	4.65	2.34	13.02	1.55	3.19
ENSG00000031081.9	1.54	0.99	6.15	0.76	12.78	8.08	2.16	5.92	7.04	0.51	2.03
ENSG00000031691.6	0.65	0.85	6.07	5.11	6.64	7.93	3.38	1.82	12.61	0.87	0.19
ENSG00000031698.11	119.83	134.27	133.34	100.16	231.57	85.30	100.71	94.75	171.38	127.68	379.73
ENSG00000031823.13	65.50	32.43	59.32	22.72	41.57	83.19	64.80	46.63	93.20	58.50	98.68
ENSG00000032219.17	1.62	2.84	2.71	16.98	7.79	1.01	3.59	1.34	2.12	1.67	7.75
ENSG00000032389.11	30.30	20.64	17.24	22.78	24.59	26.84	29.20	31.12	41.93	47.81	24.46
ENSG00000032444.14	30.26	37.87	16.45	19.58	13.65	72.52	47.99	45.36	29.20	38.99	112.28
ENSG00000032742.16	2.65	1.38	3.88	4.10	7.08	0.88	3.96	1.94	2.61	1.53	1.68
ENSG00000033011.10	67.74	21.30	32.78	21.08	33.83	58.26	30.08	40.99	40.17	41.02	32.54
ENSG00000033030.12	3.39	7.90	11.38	13.07	12.92	4.20	9.02	5.23	15.55	7.80	7.83
ENSG00000033050.6	56.60	25.67	56.03	140.04	83.79	85.62	67.76	58.46	58.06	110.31	137.83
ENSG00000033100.13	26.10	22.08	13.92	38.17	15.52	24.16	27.67	30.22	19.67	35.32	45.20
ENSG00000033122.17	0.05	0.04	5.42	0.02	0.17	0.10	0.00	0.00	0.04	0.00	0.00
ENSG00000033170.15	8.60	4.44	13.81	42.28	31.90	23.47	8.51	21.69	19.21	4.77	4.87
ENSG00000033178.11	24.00	12.49	18.11	16.96	46.13	12.76	21.25	22.88	23.57	7.23	15.10
ENSG00000033327.11	0.19	1.21	0.50	0.37	1.92	1.10	1.98	2.60	5.64	1.17	12.83
ENSG00000033627.13	21.94	40.58	19.42	26.68	26.89	27.35	19.62	31.28	28.86	25.18	60.52
ENSG00000033800.12	17.96	28.55	20.25	24.44	8.30	8.21	13.40	10.86	16.55	13.53	17.12
ENSG00000033867.15	7.74	6.29	14.21	17.22	17.15	11.15	7.00	4.49	10.73	1.15	2.64
ENSG00000034053.13	10.83	1.21	14.35	0.96	5.56	6.67	0.00	0.00	15.61	9.41	8.31
ENSG00000034152.17	57.46	46.63	68.14	18.60	37.44	98.34	44.39	80.79	55.03	46.74	60.40
ENSG00000034239.9	0.00	0.00	0.07	0.00	1.47	0.08	0.14	0.34	0.00	0.09	1.87
ENSG00000034510.5	3223.13	3550.58	2430.10	1988.26	1066.48	1549.32	3266.66	4164.45	2374.42	6443.76	3737.42
ENSG00000034533.10	3.32	1.39	6.61	6.16	5.88	3.49	1.74	1.93	2.01	2.24	1.82
ENSG00000034677.10	10.17	21.36	11.84	11.72	19.97	25.34	20.14	4.61	14.55	16.77	49.07
ENSG00000034693.13	9.73	14.87	15.28	17.27	20.75	8.03	10.12	8.49	9.47	3.52	4.60
ENSG00000034713.6	45.10	59.06	61.45	63.48	48.01	26.59	50.08	45.57	46.32	35.10	102.70
ENSG00000035115.20	28.29	38.43	8.04	4.37	4.74	2.18	33.27	14.66	1.46	40.57	8.82
ENSG00000035141.6	36.37	16.32	65.48	27.83	53.83	40.54	35.36	37.20	102.88	45.77	25.09
ENSG00000035403.15	38.08	25.37	123.51	51.62	97.65	256.64	37.96	35.43	83.43	51.91	83.44
ENSG00000035499.11	16.50	16.46	9.22	17.86	12.85	3.78	11.39	3.32	25.61	13.15	2.25
ENSG00000035664.10	0.59	11.72	1.65	3.11	1.58	3.35	1.86	3.04	2.24	4.12	0.58
ENSG00000035681.6	26.84	15.01	25.95	28.80	16.45	21.08	35.51	15.56	17.34	64.88	60.21
ENSG00000035687.9	16.95	24.02	17.32	28.62	35.18	13.13	63.70	18.33	26.46	23.37	8.25
ENSG00000035862.11	22.00	28.37	87.96	164.34	132.35	65.74	33.52	96.62	83.64	15.91	209.28
ENSG00000035928.13	25.80	13.82	26.26	50.63	66.49	18.50	18.30	15.25	20.10	6.84	3.56
ENSG00000036054.11	11.03	11.64	15.63	10.68	9.58	9.08	8.39	6.55	8.16	3.83	2.48
ENSG00000036257.11	30.87	10.65	30.92	74.38	72.80	23.25	25.86	18.07	35.27	9.06	7.72
ENSG00000036448.8	3.31	0.00	0.80	8.19	0.15	0.36	0.00	0.00	1.66	0.00	0.51
ENSG00000036549.11	12.47	10.87	22.48	14.17	23.02	13.32	10.26	11.77	24.26	9.45	22.88
ENSG00000036672.14	1.59	4.69	2.18	4.89	1.67	0.57	0.03	0.10	0.86	0.68	0.69
ENSG00000037042.8	41.09	13.91	14.99	10.68	23.99	15.20	13.91	30.68	8.82	18.01	20.00
ENSG00000037241.6	93.45	75.31	103.58	114.53	110.20	107.42	104.59	86.68	128.45	121.95	171.38
ENSG00000037280.14	0.03	0.02	1.52	0.03	2.06	0.02	0.00	0.00	0.04	0.09	1.03
ENSG00000037474.13	63.42	29.00	64.12	82.81	120.59	71.54	63.53	51.46	75.60	61.88	25.20
ENSG00000037637.9	13.04	16.22	10.81	8.33	11.08	11.68	9.92	1.92	10.16	8.39	21.09
ENSG00000037749.10	12.77	15.26	16.60	12.91	14.38	14.74	20.47	8.48	13.97	1.23	2.98
ENSG00000037757.12	29.34	21.10	23.52	22.95	15.04	29.73	20.36	40.34	15.40	11.99	37.78
ENSG00000037897.15	48.15	9.04	39.75	23.98	51.72	29.88	36.14	36.72	38.19	34.92	33.16
ENSG00000037965.5	5.16	1.34	11.50	1.16	6.84	3.33	7.49	5.24	0.60	6.05	11.68
ENSG00000038002.7	6.16	12.00	12.18	9.74	14.44	7.44	6.37	7.06	19.79	3.89	28.03
ENSG00000038210.12	3.81	5.44	3.87	11.04	5.46	2.88	8.99	3.57	7.83	2.40	1.37
ENSG00000038219.11	6.64	8.44	3.80	19.07	11.20	9.10	6.07	5.39	9.33	4.62	4.55
ENSG00000038274.15	25.00	52.57	30.59	37.38	15.76	24.14	50.02	21.92	36.59	30.05	18.25
ENSG00000038295.6	4.00	3.74	9.64	1.11	1.63	0.06	2.59	0.25	0.02	1.60	0.32
ENSG00000038358.13	46.20	22.49	58.50	41.60	57.28	45.73	30.02	28.97	57.76	23.87	83.13
ENSG00000038382.16	29.75	14.19	46.70	39.24	57.95	96.10	23.95	26.24	35.79	21.17	59.03
ENSG00000038427.14	0.04	4.60	0.84	18.65	103.13	133.95	12.90	58.82	0.24	43.88	13.02
ENSG00000038532.13	10.37	9.12	2.72	19.79	9.28	8.42	7.02	12.11	8.21	11.86	18.59
ENSG00000038945.13	0.00	0.00	1.11	0.32	0.05	0.28	0.00	0.00	0.04	0.00	0.00
ENSG00000039068.17	59.54	143.23	0.01	0.57	1.27	1.37	41.09	58.05	0.00	87.41	2.39
ENSG00000039123.14	27.55	10.74	48.17	47.23	75.14	25.53	24.14	11.59	20.10	21.96	13.73
ENSG00000039139.9	0.29	0.22	1.31	0.49	1.31	0.85	0.15	0.55	2.09	0.20	0.24
ENSG00000039319.15	5.95	3.57	7.77	9.69	9.18	2.41	4.75	1.47	6.27	1.40	0.79
ENSG00000039523.16	42.27	6.65	34.46	20.25	43.45	41.59	30.18	49.28	58.55	26.77	39.47
ENSG00000039560.12	27.36	7.58	38.23	30.34	33.01	33.03	24.56	26.34	49.30	38.99	8.39
ENSG00000039650.8	44.08	19.28	27.00	10.92	36.59	56.36	48.76	35.51	39.64	35.93	33.57
ENSG00000039987.5	0.00	0.24	0.00	0.14	0.00	0.00	1.47	0.00	0.00	0.89	0.00
ENSG00000040199.17	3.95	1.48	5.35	2.59	8.84	2.72	3.66	2.54	6.58	1.39	3.75
ENSG00000040275.15	26.97	8.74	51.93	47.83	95.47	49.16	16.02	18.57	74.08	18.86	86.42
ENSG00000040341.16	13.25	11.56	12.87	12.44	37.89	15.29	12.55	7.12	10.36	5.05	3.05
ENSG00000040487.11	16.83	11.99	15.69	7.09	6.13	28.57	15.16	8.84	16.49	11.44	45.47
ENSG00000040531.13	7.80	3.35	16.32	6.85	2.98	16.35	6.88	11.26	10.52	13.18	16.35
ENSG00000040608.12	17.06	3.71	2.22	2.00	0.64	0.85	7.11	2.59	3.00	6.13	6.10
ENSG00000040633.11	27.72	23.49	64.50	20.68	22.68	40.57	25.43	38.67	38.23	60.46	52.02
ENSG00000040731.9	0.58	2.55	0.00	0.00	0.06	0.19	0.19	0.06	0.10	0.13	0.00
ENSG00000040933.14	6.56	5.62	5.78	12.38	9.43	6.43	6.37	6.03	5.38	8.29	18.91
ENSG00000041353.8	7.04	9.65	6.24	0.71	2.12	0.69	5.80	30.01	0.64	0.53	1.28
ENSG00000041357.14	171.95	96.20	214.45	166.26	238.79	61.81	160.99	136.26	205.69	19.92	22.04
ENSG00000041515.14	0.03	0.15	0.02	0.02	0.00	1.61	0.03	0.19	0.03	0.03	0.00
ENSG00000041802.9	24.59	12.28	20.60	10.47	46.47	43.49	18.69	19.54	15.67	34.45	9.48
ENSG00000041880.13	20.41	14.19	13.45	15.69	8.18	16.54	13.63	18.91	17.46	8.73	47.34
ENSG00000041982.13	41.43	2.73	122.95	226.09	171.99	85.08	3.39	25.21	18.57	48.98	188.38
ENSG00000041988.14	8.03	8.50	13.49	6.05	6.15	13.69	7.44	6.90	14.92	14.03	47.73
ENSG00000042062.10	0.00	0.00	0.00	1.03	0.10	0.68	0.03	0.00	1.17	0.00	0.46
ENSG00000042088.12	12.19	13.63	13.92	34.87	19.13	11.72	19.45	17.90	29.83	29.75	11.95
ENSG00000042286.13	6.92	2.49	7.18	6.15	19.36	15.83	11.72	14.76	24.01	12.42	2.46
ENSG00000042317.15	3.76	2.04	1.23	5.44	1.93	1.66	2.08	1.58	1.42	4.84	7.33
ENSG00000042429.9	13.66	7.35	38.06	21.29	62.97	23.36	17.11	10.23	28.58	13.22	10.81
ENSG00000042445.12	48.36	85.47	11.41	23.61	17.26	24.64	39.26	52.46	26.47	40.15	38.30
ENSG00000042493.14	201.00	25.85	106.52	12.26	84.97	178.53	252.64	391.95	254.22	431.92	1897.89
ENSG00000042753.10	313.71	245.02	270.43	117.47	185.97	316.86	240.32	279.92	435.87	293.04	107.77
ENSG00000042832.10	0.26	4.41	0.02	0.80	0.00	0.42	0.87	1.36	0.00	1.45	0.32
ENSG00000043039.6	0.53	0.50	0.03	0.30	0.00	0.09	0.09	0.11	0.00	2.12	1.95
ENSG00000043093.12	3.28	8.60	11.38	16.20	28.73	9.35	10.90	6.36	4.96	1.03	0.78
ENSG00000043143.19	23.22	24.55	11.59	16.79	17.84	27.04	39.59	22.08	31.67	42.64	46.03
ENSG00000043355.9	8.43	4.42	23.82	2.41	1.11	33.83	8.92	1.69	36.55	2.60	12.77
ENSG00000043514.14	11.41	15.15	15.13	14.83	28.33	8.97	14.17	12.50	12.00	16.00	31.12
ENSG00000044090.7	6.17	8.47	15.91	12.92	7.20	13.51	6.80	12.76	8.05	4.26	61.37
ENSG00000044115.19	146.55	261.33	135.22	115.63	136.91	162.84	192.01	208.10	230.71	199.21	224.67
ENSG00000044446.10	16.22	13.89	13.92	7.71	8.03	3.46	15.21	12.84	12.92	6.47	11.92
ENSG00000044459.13	1.65	0.68	3.28	5.61	8.37	3.50	1.82	1.02	0.00	1.34	0.72
ENSG00000044524.9	0.01	1.66	8.81	0.08	0.02	0.22	0.00	0.00	0.00	0.00	1.53
ENSG00000044574.7	283.88	68.71	198.36	83.58	238.59	94.82	136.24	161.86	96.05	124.08	123.12
ENSG00000046604.11	44.34	55.69	0.08	21.92	93.79	0.50	45.61	49.46	21.89	24.08	0.67
ENSG00000046647.12	22.39	26.14	12.97	7.81	4.70	3.43	13.21	11.51	3.80	8.31	15.41
ENSG00000046651.13	7.37	8.87	6.82	7.87	4.92	4.39	13.12	7.39	5.98	6.23	14.89
ENSG00000046653.13	1.37	5.71	0.05	1.40	1.30	0.21	12.76	0.95	0.15	4.22	0.00
ENSG00000046774.9	0.00	0.00	0.06	0.07	0.00	5.67	0.00	0.00	0.00	0.00	0.00
ENSG00000047056.13	7.56	12.30	6.50	4.03	18.97	7.18	8.83	11.32	10.38	7.73	5.47
ENSG00000047188.14	5.72	4.64	7.38	8.59	13.08	7.67	7.27	4.16	5.41	1.25	1.91
ENSG00000047230.13	5.72	1.68	4.79	3.59	2.08	2.13	3.09	4.46	4.40	0.78	1.05
ENSG00000047249.15	47.83	34.81	45.49	48.56	47.17	46.76	41.02	35.33	24.50	71.75	46.39
ENSG00000047315.13	42.50	30.39	52.54	79.85	77.07	27.95	41.48	28.28	68.30	5.64	17.87
ENSG00000047346.11	5.91	9.36	1.46	2.35	2.91	2.51	5.25	7.47	4.86	0.45	2.00
ENSG00000047365.10	2.78	2.97	0.09	0.61	1.64	0.40	2.79	0.97	2.08	0.51	0.08
ENSG00000047410.12	26.89	22.20	41.72	53.60	45.82	25.28	37.35	20.15	36.11	43.73	21.19
ENSG00000047457.12	0.00	0.00	0.40	0.63	1.78	0.00	0.00	4.32	0.15	0.00	0.00
ENSG00000047578.11	8.70	6.36	10.62	15.55	10.82	9.28	7.76	10.54	4.68	3.45	21.62
ENSG00000047579.18	8.00	14.74	27.56	17.79	10.53	16.90	9.56	10.20	25.15	27.76	20.12
ENSG00000047621.10	4.92	6.44	8.78	10.63	18.44	10.90	5.35	6.08	9.56	4.14	3.64
ENSG00000047634.13	4.69	3.52	10.66	6.19	7.11	3.48	3.87	2.40	13.84	3.82	2.46
ENSG00000047644.16	5.44	12.56	15.17	7.89	2.46	4.32	5.84	6.07	17.50	5.19	19.48
ENSG00000047648.20	0.09	0.00	2.78	0.93	0.00	0.44	0.00	0.14	0.00	0.00	0.03
ENSG00000047849.20	81.93	87.69	84.68	113.89	61.48	101.45	75.29	72.06	90.47	89.28	119.78
ENSG00000047932.12	6.59	7.96	23.06	40.93	11.89	7.97	10.07	8.20	8.80	5.62	9.38
ENSG00000047936.9	6.77	0.18	0.08	0.13	0.05	0.04	10.37	15.65	0.00	1.57	0.01
ENSG00000048028.10	3.41	5.77	8.60	11.53	7.83	4.33	20.17	5.30	10.91	3.03	6.73
ENSG00000048052.20	1.30	2.05	4.16	2.11	0.99	5.37	0.51	6.76	5.64	0.28	15.33
ENSG00000048140.16	44.31	37.82	26.69	27.34	35.48	39.54	37.25	44.95	61.01	37.26	101.51
ENSG00000048162.18	88.64	52.69	102.03	44.00	89.78	141.33	122.48	70.47	101.08	169.12	151.13
ENSG00000048342.14	18.05	6.05	5.89	3.31	5.03	6.86	7.78	6.19	15.29	3.62	1.59
ENSG00000048392.10	14.78	9.87	4.29	11.60	11.17	4.96	13.58	7.41	4.24	4.74	5.53
ENSG00000048405.8	5.06	4.83	7.49	8.86	4.38	9.26	6.70	5.83	5.17	3.55	5.13
ENSG00000048471.12	5.71	3.85	1.07	7.66	2.86	4.58	3.15	3.46	1.32	2.08	7.43
ENSG00000048540.13	0.31	0.05	0.00	1.76	0.34	0.29	0.07	0.00	9.04	0.00	0.00
ENSG00000048544.5	16.01	17.66	30.32	32.64	18.48	20.43	23.05	20.22	40.90	14.04	28.17
ENSG00000048649.12	10.66	13.09	25.79	20.60	26.50	12.02	12.65	9.98	14.80	17.55	14.28
ENSG00000048707.12	3.73	9.91	3.68	9.85	4.44	5.12	5.18	6.79	1.89	5.12	8.01
ENSG00000048740.16	0.00	0.42	0.00	2.82	0.21	1.17	0.00	0.00	14.63	0.11	0.00
ENSG00000048828.15	91.31	46.03	70.62	75.15	211.87	73.74	85.32	55.06	86.55	132.56	133.24
ENSG00000048991.15	22.48	14.92	20.65	19.34	42.74	15.47	27.51	35.07	37.09	30.54	26.10
ENSG00000049089.12	0.28	0.00	0.00	0.12	2.68	0.31	0.00	0.81	1.80	0.00	0.15
ENSG00000049130.12	7.83	13.92	5.87	23.93	3.41	7.66	2.35	5.73	2.29	1.82	0.90
ENSG00000049167.12	7.10	1.52	9.15	8.19	8.49	4.20	5.32	4.74	6.23	3.04	2.04
ENSG00000049192.13	1.44	0.13	11.47	0.49	5.13	5.15	0.90	8.56	1.51	1.29	1.06
ENSG00000049239.11	4.71	6.23	8.21	4.20	2.23	5.94	5.97	2.73	6.16	4.29	23.76
ENSG00000049245.11	53.68	42.33	87.41	51.30	49.49	45.35	48.83	29.53	58.21	36.15	43.22
ENSG00000049246.13	3.59	2.27	18.46	5.41	3.25	14.15	0.48	0.66	1.32	0.37	11.74
ENSG00000049283.16	35.83	29.63	0.07	0.02	0.27	0.05	1.26	1.50	0.00	0.72	0.55
ENSG00000049323.14	19.36	12.00	9.03	11.30	2.92	76.85	83.36	20.94	8.30	84.21	25.05
ENSG00000049449.7	32.04	23.76	93.80	139.20	86.56	63.00	52.28	58.79	75.19	12.45	53.87
ENSG00000049540.15	0.00	0.00	0.43	0.08	1.27	0.32	0.00	0.07	0.04	0.00	0.00
ENSG00000049541.9	55.33	13.60	59.64	43.01	47.01	84.69	43.17	27.96	114.41	55.70	24.05
ENSG00000049618.20	6.77	15.11	20.81	19.13	11.32	15.09	13.68	11.29	9.67	8.28	55.40
ENSG00000049656.12	161.16	109.45	191.84	187.23	271.85	277.10	188.66	199.64	236.40	208.11	173.35
ENSG00000049759.15	37.82	37.23	5.51	26.49	60.72	38.84	25.39	29.34	39.24	15.18	47.95
ENSG00000049769.11	1.87	2.57	7.26	1.32	0.27	2.11	1.80	1.92	6.29	4.64	35.92
ENSG00000049860.12	56.27	44.41	106.31	64.87	48.25	60.82	42.90	51.92	41.16	88.63	83.15
ENSG00000049883.13	9.05	5.05	7.66	5.73	5.34	3.45	5.36	4.31	2.67	5.81	3.80
ENSG00000050130.16	21.08	19.35	23.49	58.69	57.01	21.68	25.04	23.69	40.34	7.56	5.53
ENSG00000050165.16	60.94	117.91	55.23	29.04	58.78	15.78	0.49	0.24	2.04	20.35	39.94
ENSG00000050327.13	16.84	26.80	0.00	0.04	3.14	0.65	18.94	8.50	2.20	46.33	0.50
ENSG00000050344.8	9.49	1.18	4.54	6.89	6.84	2.05	1.74	4.17	15.97	0.91	0.78
ENSG00000050393.10	2.64	4.98	16.85	15.89	16.07	7.34	12.30	5.37	15.92	2.65	19.52
ENSG00000050405.12	61.52	44.46	30.38	35.52	71.53	41.84	47.40	12.96	28.40	45.54	9.35
ENSG00000050426.14	33.09	70.09	30.19	48.72	49.98	37.23	31.93	26.75	28.86	51.14	68.48
ENSG00000050438.15	0.34	0.06	1.41	2.02	2.26	1.91	0.04	0.05	0.14	0.00	2.27
ENSG00000050555.16	0.00	0.00	0.16	3.21	1.75	0.03	0.00	0.00	0.01	0.00	1.21
ENSG00000050730.14	0.00	0.00	1.11	22.75	0.47	0.29	1.71	9.70	0.00	0.00	0.51
ENSG00000050748.16	19.56	26.65	25.97	25.91	36.19	12.34	45.68	18.05	48.43	21.77	38.05
ENSG00000050767.14	0.00	0.19	0.31	0.55	0.05	13.76	0.00	0.00	0.00	0.09	84.96
ENSG00000050820.15	92.43	31.27	128.32	16.04	21.73	83.90	52.51	98.61	96.52	62.15	91.20
ENSG00000051009.9	12.39	18.66	7.09	4.94	7.18	10.59	19.21	27.75	10.35	15.20	25.73
ENSG00000051108.13	79.13	43.14	42.53	50.84	75.21	32.15	45.08	97.45	65.21	24.57	160.61
ENSG00000051128.17	95.24	56.00	57.66	67.69	18.13	106.09	66.12	119.36	24.85	94.69	116.80
ENSG00000051180.15	18.58	7.92	35.55	27.66	14.15	21.05	23.22	11.16	40.45	20.85	6.44
ENSG00000051341.12	3.72	1.25	4.38	8.06	6.14	3.61	2.01	1.65	2.92	0.33	0.10
ENSG00000051382.7	10.78	14.72	9.33	12.39	20.19	10.93	14.97	10.08	12.79	9.85	4.62
ENSG00000051523.9	0.31	1.84	70.03	105.28	98.18	0.69	0.38	0.51	237.27	100.58	0.85
ENSG00000051596.8	131.93	194.58	55.13	85.38	91.08	47.98	110.57	48.39	101.45	106.06	47.89
ENSG00000051620.9	6.17	28.39	6.27	7.76	17.78	8.56	10.54	17.30	6.53	15.00	20.96
ENSG00000051825.13	2.39	2.10	9.49	25.09	31.18	8.69	5.13	2.75	20.65	7.91	4.24
ENSG00000052126.13	13.03	19.66	6.88	4.13	10.75	3.58	9.07	11.30	13.08	5.15	0.99
ENSG00000052344.14	54.67	203.98	0.00	0.12	0.04	0.21	12.47	62.84	0.22	31.02	0.00
ENSG00000052723.10	32.65	15.39	22.59	19.00	75.25	23.35	15.08	27.53	38.56	21.05	63.59
ENSG00000052749.12	22.58	12.01	33.83	19.50	27.65	45.01	23.38	17.52	32.67	55.31	112.41
ENSG00000052795.11	1.82	2.46	2.85	2.20	4.38	4.58	2.41	2.63	4.75	2.01	6.03
ENSG00000052802.11	73.48	59.70	8.79	30.09	18.19	13.33	34.89	22.26	16.81	38.00	3.83
ENSG00000052841.13	9.71	13.07	19.45	16.90	22.34	26.53	23.03	21.18	17.29	11.49	34.59
ENSG00000052850.5	0.04	0.00	0.03	0.20	4.15	0.16	0.02	0.03	0.00	0.00	0.04
ENSG00000053108.15	0.24	3.86	0.00	0.73	0.87	0.00	0.24	0.00	0.00	0.00	0.16
ENSG00000053254.14	3.46	11.09	19.04	11.37	1.09	16.64	7.53	1.57	9.49	8.86	10.44
ENSG00000053371.11	60.61	33.26	36.68	36.86	16.14	65.70	33.32	13.79	53.53	40.65	62.40
ENSG00000053372.4	57.04	19.04	54.96	30.26	53.45	69.56	50.29	19.34	51.78	65.50	55.69
ENSG00000053438.8	3.61	3.74	0.77	0.96	3.38	0.91	2.32	0.79	0.65	2.10	0.98
ENSG00000053501.11	33.05	21.10	28.14	11.38	14.89	47.41	34.76	36.01	17.52	26.24	100.16
ENSG00000053524.10	0.70	1.59	0.91	0.71	0.92	0.24	0.51	4.65	0.22	1.22	0.83
ENSG00000053747.14	132.11	76.79	3.24	1.86	1.10	0.04	180.46	317.22	0.13	169.81	1.26
ENSG00000053770.10	14.43	13.74	7.62	22.61	17.15	6.66	11.21	5.91	14.70	16.66	14.76
ENSG00000053900.9	8.89	6.77	7.58	18.16	14.34	5.98	9.23	7.36	11.38	4.01	0.60
ENSG00000054116.10	68.82	50.32	58.45	65.23	34.02	54.34	59.70	68.79	45.63	116.33	123.00
ENSG00000054118.12	53.89	30.34	50.45	68.72	44.91	38.61	44.51	34.49	53.26	48.04	30.30
ENSG00000054148.16	197.08	215.17	97.56	41.45	46.97	113.10	132.70	158.32	130.56	179.49	102.51
ENSG00000054179.10	3.38	3.58	0.00	0.10	0.16	0.00	12.00	1.20	0.00	1.91	0.00
ENSG00000054219.10	0.00	0.02	0.00	0.32	0.93	0.05	0.40	11.37	0.00	0.00	0.01
ENSG00000054267.19	4.91	9.58	6.43	19.65	13.44	4.49	11.61	6.61	9.84	6.00	3.35
ENSG00000054277.11	17.99	20.76	5.93	5.23	3.58	5.06	42.42	30.73	5.38	10.77	3.16
ENSG00000054282.14	6.90	5.20	6.99	8.76	19.74	13.42	17.47	7.62	7.73	20.13	12.04
ENSG00000054356.12	0.14	0.00	0.00	8.16	0.14	0.00	0.00	0.00	0.00	0.00	24.95
ENSG00000054392.11	1.03	5.09	0.65	7.00	1.29	0.59	1.30	2.05	2.21	1.34	2.87
ENSG00000054523.15	5.70	8.31	12.68	21.54	14.63	11.45	9.35	3.72	6.24	5.19	6.58
ENSG00000054598.6	1.89	4.17	9.75	3.27	3.40	4.29	3.36	4.46	1.86	4.77	5.00
ENSG00000054611.12	15.57	22.85	8.51	10.80	10.84	20.24	11.31	17.38	12.11	13.70	14.59
ENSG00000054654.14	8.97	27.25	7.04	20.60	15.19	11.66	31.79	1.83	7.33	34.60	3.74
ENSG00000054690.12	3.47	1.87	0.53	1.49	2.16	1.10	2.96	1.31	2.88	2.68	2.53
ENSG00000054793.12	7.57	7.37	2.35	12.18	2.85	6.98	8.38	7.76	1.45	6.81	16.93
ENSG00000054938.14	0.00	0.00	4.10	0.12	3.60	0.00	0.00	0.00	0.19	0.00	0.00
ENSG00000054965.9	13.11	15.57	20.68	8.49	15.74	17.27	8.45	8.83	12.96	8.02	22.78
ENSG00000054967.11	10.27	2.89	13.29	3.16	8.05	16.79	8.76	11.18	19.85	11.72	5.37
ENSG00000054983.15	3.10	3.85	2.65	3.51	6.67	4.96	0.00	2.34	7.40	0.99	2.05
ENSG00000055044.9	62.63	20.43	65.20	81.17	108.86	62.80	60.81	30.52	65.52	65.13	48.78
ENSG00000055070.15	84.44	65.30	84.16	62.30	97.70	126.01	74.12	48.30	99.98	94.67	221.99
ENSG00000055130.14	37.73	20.71	29.64	66.34	35.23	22.68	49.31	27.85	35.25	39.22	24.19
ENSG00000055147.16	8.10	9.44	6.39	11.40	7.67	9.08	11.71	10.02	3.65	1.20	2.13
ENSG00000055163.17	10.38	46.58	1.75	0.63	0.85	2.10	11.94	2.26	3.62	8.27	11.05
ENSG00000055208.16	6.76	12.86	20.70	19.60	20.28	7.37	13.68	13.94	20.69	1.73	3.89
ENSG00000055211.11	5.54	13.38	18.68	21.14	13.19	8.37	11.12	9.03	16.63	5.29	9.68
ENSG00000055332.15	10.99	6.29	10.86	10.86	16.79	7.37	8.44	3.42	17.10	5.61	5.53
ENSG00000055483.18	30.50	20.24	35.29	36.80	50.94	28.54	29.61	23.73	38.59	40.21	92.16
ENSG00000055609.16	3.33	6.07	3.28	12.87	7.12	6.70	3.94	3.95	6.09	3.63	6.96
ENSG00000055732.11	4.05	4.29	5.27	0.14	1.55	0.64	0.32	0.58	4.55	0.07	0.04
ENSG00000055813.5	0.58	0.25	3.89	0.02	0.29	2.21	0.07	0.09	0.10	0.00	0.00
ENSG00000055917.14	19.76	19.88	22.58	22.00	21.55	22.13	25.82	15.89	46.22	12.51	12.47
ENSG00000055950.15	112.58	96.13	120.17	33.15	45.93	85.07	85.05	116.66	122.41	151.81	207.02
ENSG00000055955.14	0.37	0.14	0.31	0.58	1.26	0.53	0.00	0.87	0.59	0.90	3.64
ENSG00000056050.6	10.46	5.24	16.35	11.40	22.68	6.89	8.19	9.49	12.22	2.80	6.09
ENSG00000056097.14	28.63	19.92	51.43	48.56	41.52	36.14	28.78	34.16	55.14	32.95	47.26
ENSG00000056277.14	1.16	0.62	4.49	5.50	5.50	0.99	1.23	1.29	2.77	0.46	0.68
ENSG00000056487.14	0.49	0.00	0.85	4.56	2.93	3.42	0.00	0.00	0.00	0.59	6.35
ENSG00000056558.9	1.20	0.08	0.39	0.62	3.00	0.90	0.23	3.19	2.47	0.16	6.73
ENSG00000056586.14	10.61	10.89	25.07	13.20	22.67	10.00	12.11	10.68	14.01	6.87	5.51
ENSG00000056736.8	0.38	0.15	1.01	2.97	2.20	0.82	0.50	1.05	1.37	0.42	1.14
ENSG00000056972.17	16.99	31.09	4.23	19.50	7.75	6.89	28.68	34.51	9.42	30.14	2.00
ENSG00000056998.17	0.00	0.00	4.96	0.20	3.74	0.00	0.00	0.00	0.72	0.00	0.07
ENSG00000057019.14	67.50	13.27	82.90	24.59	64.82	65.28	31.75	62.51	31.40	24.85	17.09
ENSG00000057149.13	3.02	3.73	0.00	0.07	0.00	0.00	2.80	15.24	0.00	6.26	0.00
ENSG00000057252.11	6.80	6.41	21.33	18.16	18.05	9.87	11.41	7.56	24.10	2.72	6.73
ENSG00000057294.12	22.45	10.26	0.00	0.78	0.16	0.06	20.79	17.79	21.14	24.58	0.28
ENSG00000057608.15	107.25	74.67	131.42	123.31	218.66	66.39	102.49	76.94	118.39	43.37	78.13
ENSG00000057657.13	0.41	2.16	1.29	0.38	0.55	1.39	0.95	11.62	0.30	2.27	2.47
ENSG00000057663.11	4.54	6.94	15.37	17.40	24.59	5.49	10.19	9.34	10.17	2.61	5.35
ENSG00000057704.9	1.35	5.59	0.00	0.19	0.37	0.00	0.78	4.05	3.26	11.42	1.12
ENSG00000057757.8	29.94	25.30	47.83	51.89	32.94	30.44	29.93	26.34	48.30	25.59	21.03
ENSG00000057935.12	20.04	21.24	12.37	14.21	14.23	7.56	15.00	15.29	19.81	10.38	17.18
ENSG00000058056.7	2.45	1.69	12.09	13.73	17.40	7.20	4.17	5.21	11.51	3.82	7.29
ENSG00000058063.14	5.74	6.11	9.56	12.11	26.46	6.94	14.46	13.58	6.37	2.85	3.33
ENSG00000058085.13	202.31	108.82	0.33	2.38	4.22	4.32	469.33	1080.03	13.18	470.64	0.24
ENSG00000058091.15	7.29	2.74	0.00	26.07	6.29	7.77	12.84	10.05	5.20	1.83	0.98
ENSG00000058262.8	126.25	105.29	133.60	195.07	191.90	244.98	119.34	152.98	120.98	215.03	120.48
ENSG00000058272.14	15.01	13.43	23.71	35.62	40.13	20.79	15.23	12.27	29.23	7.53	13.67
ENSG00000058335.14	0.44	0.00	0.06	0.05	0.02	0.02	0.00	0.49	7.84	0.07	13.79
ENSG00000058404.18	0.14	0.98	0.24	0.29	0.16	0.16	2.98	0.13	0.05	0.13	0.47
ENSG00000058453.15	13.52	45.47	6.01	7.98	4.75	14.13	4.13	4.78	5.46	4.84	21.93
ENSG00000058600.14	37.50	25.29	43.66	51.16	67.30	35.29	54.28	23.52	35.05	31.44	134.10
ENSG00000058668.13	14.40	21.27	18.09	37.86	9.86	28.68	6.35	37.17	4.29	12.58	9.80
ENSG00000058673.14	29.04	38.23	39.58	49.14	52.17	19.12	52.24	21.53	51.55	31.34	46.65
ENSG00000058729.9	11.54	8.94	22.93	23.61	15.01	14.52	9.19	2.62	14.72	2.40	4.60
ENSG00000058799.12	12.04	17.16	8.31	15.13	8.15	7.90	13.72	19.12	12.37	14.91	9.69
ENSG00000058804.11	28.05	10.66	17.35	17.14	19.20	19.92	23.58	9.54	39.03	23.64	10.05
ENSG00000058866.13	0.74	0.05	0.00	0.80	2.53	1.89	0.26	2.03	6.03	0.00	0.25
ENSG00000059122.15	24.76	47.82	11.12	16.60	10.10	25.87	21.70	31.78	10.44	21.12	88.30
ENSG00000059145.17	11.85	6.62	7.81	16.52	7.21	18.27	9.86	13.59	15.47	5.67	21.67
ENSG00000059377.14	11.26	3.12	3.47	8.58	5.41	5.97	2.15	5.78	4.53	12.41	9.33
ENSG00000059378.11	8.89	9.80	7.79	5.26	16.71	14.19	20.24	32.93	13.82	16.76	4.15
ENSG00000059573.7	37.83	21.72	83.03	39.35	35.73	19.21	42.30	24.67	51.73	57.06	66.56
ENSG00000059588.8	6.19	9.12	21.97	27.68	15.33	4.32	32.38	9.45	4.40	12.13	4.22
ENSG00000059691.10	28.08	20.71	9.83	9.00	11.37	8.30	15.22	12.30	11.77	12.78	13.71
ENSG00000059728.9	2.97	4.77	1.09	2.19	2.00	4.87	5.75	11.45	3.37	13.30	2.05
ENSG00000059758.6	6.24	5.31	6.21	13.29	13.70	3.44	6.41	15.85	14.38	2.54	2.40
ENSG00000059769.18	2.27	1.72	6.59	7.02	7.61	3.08	2.72	2.47	4.58	0.90	1.74
ENSG00000059804.14	0.15	1.32	12.65	5.95	0.04	1.92	0.40	2.27	9.04	0.47	6.43
ENSG00000059915.15	1.08	1.42	1.36	0.21	0.64	2.51	1.04	1.19	1.23	0.29	4.43
ENSG00000060069.15	12.29	9.80	6.51	2.57	13.97	14.28	10.28	11.89	7.46	15.56	16.88
ENSG00000060138.11	489.81	545.59	106.30	242.90	265.69	112.30	446.23	266.45	282.96	534.09	347.15
ENSG00000060140.7	1.71	0.32	0.00	0.21	2.14	0.08	0.52	2.22	2.24	0.47	0.95
ENSG00000060237.15	91.23	97.69	30.20	67.82	83.29	40.67	34.99	31.47	53.11	74.92	262.51
ENSG00000060339.12	64.94	51.91	65.81	56.84	94.94	36.67	52.26	39.59	62.12	72.77	77.82
ENSG00000060491.15	42.86	26.07	40.26	20.83	20.29	60.54	25.31	26.33	37.89	47.91	74.94
ENSG00000060558.3	45.04	38.80	0.00	0.10	0.05	0.09	60.20	55.58	21.52	91.35	0.10
ENSG00000060642.9	10.68	18.66	1.96	10.13	4.11	6.61	11.48	9.12	8.21	6.06	17.05
ENSG00000060656.18	45.42	65.56	0.23	31.48	0.40	4.44	48.27	36.05	5.47	71.38	2.29
ENSG00000060688.11	55.56	18.24	81.97	62.65	33.37	51.22	45.18	37.50	65.03	47.98	68.10
ENSG00000060749.13	6.19	4.44	9.00	15.63	12.93	8.94	7.06	2.89	8.23	1.12	5.14
ENSG00000060762.17	11.52	19.88	17.04	13.70	5.98	13.33	33.67	21.20	23.16	19.70	9.91
ENSG00000060971.16	44.55	49.22	23.22	29.43	36.00	29.64	42.64	43.07	26.70	45.27	46.20
ENSG00000060982.13	11.02	0.30	0.17	0.45	30.18	11.59	0.00	0.02	27.04	0.33	13.57
ENSG00000061273.16	33.43	22.62	20.17	20.40	27.50	36.13	31.60	52.23	27.48	36.96	14.36
ENSG00000061337.14	0.08	0.18	0.05	1.11	0.83	6.89	0.05	0.00	0.03	0.07	0.14
ENSG00000061455.10	0.02	0.02	1.36	0.01	0.11	0.04	0.00	0.18	0.30	0.44	1.31
ENSG00000061656.8	1.03	0.00	4.23	0.73	1.44	2.79	1.39	8.04	3.69	6.97	7.21
ENSG00000061676.13	38.07	36.58	32.39	91.01	70.03	22.25	44.60	36.33	33.32	7.84	12.24
ENSG00000061794.11	35.20	17.73	29.83	33.51	37.54	13.51	34.02	33.15	40.50	18.23	15.25
ENSG00000061918.11	0.62	3.93	8.08	10.55	1.34	0.95	0.47	1.12	4.63	0.00	0.14
ENSG00000061936.8	15.48	22.34	19.65	19.18	15.47	35.40	22.82	20.39	20.65	25.12	54.24
ENSG00000061938.15	51.39	55.86	12.26	6.22	9.89	25.88	28.07	46.59	7.80	31.77	23.01
ENSG00000061987.13	4.80	4.38	5.08	10.18	9.94	3.86	5.28	3.05	4.48	4.01	5.58
ENSG00000062038.12	181.44	332.12	15.15	1.50	16.60	0.07	111.89	157.24	2.57	214.80	552.85
ENSG00000062194.14	14.58	8.54	30.19	26.69	42.40	8.12	12.05	7.10	17.86	3.70	2.67
ENSG00000062282.13	8.48	10.96	16.41	9.76	7.95	3.73	9.81	16.39	5.87	4.36	0.00
ENSG00000062370.15	0.48	0.85	1.81	1.43	2.84	1.12	1.21	1.56	0.72	0.16	0.38
ENSG00000062485.17	122.19	85.87	115.54	111.15	160.88	84.44	147.69	126.23	114.78	254.15	152.60
ENSG00000062524.14	0.00	0.08	0.00	0.00	0.30	0.02	0.00	0.00	1.93	0.00	0.12
ENSG00000062582.12	187.89	151.50	263.75	169.41	119.82	222.07	232.22	295.51	190.25	256.02	329.12
ENSG00000062598.16	18.16	21.42	31.69	25.27	32.66	12.33	14.02	16.08	13.59	13.16	35.00
ENSG00000062650.16	22.16	11.92	21.94	22.97	37.81	9.36	13.61	12.68	24.40	29.98	7.06
ENSG00000062716.9	68.87	42.08	59.44	87.41	208.65	36.13	44.97	77.15	67.31	53.36	33.71
ENSG00000062725.8	4.96	5.56	5.32	9.65	14.37	6.26	5.46	3.20	8.92	4.44	9.41
ENSG00000062822.11	56.92	19.40	56.26	23.93	27.97	113.05	65.04	27.09	80.63	63.10	51.97
ENSG00000063046.16	170.09	243.89	89.55	183.46	174.21	138.08	253.70	181.70	131.88	311.27	332.96
ENSG00000063127.14	0.02	0.05	1.43	1.84	0.65	0.28	0.00	0.09	0.05	0.00	1.19
ENSG00000063169.9	3.44	5.79	4.31	1.46	3.60	7.17	4.01	3.82	5.37	9.91	6.74
ENSG00000063176.14	14.46	7.39	12.18	4.24	4.85	25.87	6.85	11.50	18.57	7.23	24.78
ENSG00000063177.11	2130.58	2461.61	1880.62	812.33	768.89	2080.64	2405.82	2400.46	2253.71	2990.66	1696.87
ENSG00000063180.7	5.62	18.42	10.80	2.16	2.31	4.45	0.60	0.85	3.99	1.26	4.63
ENSG00000063241.6	63.27	68.78	74.89	34.04	39.66	59.80	88.95	39.51	59.40	91.35	90.12
ENSG00000063244.11	247.89	144.99	300.01	105.46	211.04	341.08	243.10	218.23	243.23	304.42	252.20
ENSG00000063245.13	122.80	91.71	113.51	38.78	36.61	277.71	107.06	116.40	104.37	139.69	193.59
ENSG00000063322.12	20.98	14.73	27.27	8.97	19.86	38.37	16.07	27.56	27.22	15.42	45.32
ENSG00000063438.15	0.18	0.92	11.30	1.27	2.83	44.04	1.27	0.57	3.88	0.91	4.47
ENSG00000063587.13	3.91	1.46	6.29	4.22	8.09	3.32	3.19	1.56	3.77	1.21	3.47
ENSG00000063601.15	8.46	15.82	29.62	8.69	17.63	10.32	14.08	13.58	22.16	3.42	8.08
ENSG00000063660.7	178.04	106.51	24.92	131.29	40.54	64.32	25.47	106.09	13.42	35.14	38.85
ENSG00000063761.14	5.82	3.62	4.95	6.12	6.15	2.52	7.33	3.75	1.56	7.57	11.14
ENSG00000063854.11	21.35	53.46	13.54	21.80	20.47	25.44	43.09	43.47	60.06	23.60	72.80
ENSG00000063978.14	41.38	29.14	42.48	21.23	43.38	36.27	38.17	44.56	50.48	32.86	32.31
ENSG00000064012.20	19.72	7.01	16.93	14.40	26.58	8.91	15.59	18.57	23.04	8.61	2.95
ENSG00000064042.16	11.42	2.81	0.31	18.67	3.91	7.50	6.69	6.29	18.90	1.43	0.17
ENSG00000064102.13	14.17	7.55	17.01	42.09	23.49	13.01	13.09	7.27	15.26	15.37	7.12
ENSG00000064115.9	184.18	167.33	21.51	29.29	27.14	13.45	95.86	48.24	30.79	24.39	6.98
ENSG00000064195.7	0.00	4.94	0.00	0.05	0.04	0.02	0.09	0.00	0.12	0.00	0.04
ENSG00000064199.5	9.91	3.70	1.81	3.61	7.61	2.06	14.90	3.95	9.78	1.64	0.15
ENSG00000064201.14	0.00	0.00	0.00	0.09	0.00	1.11	0.00	0.00	0.00	0.00	0.51
ENSG00000064205.9	0.40	4.89	3.13	1.65	0.00	0.79	0.33	1.60	0.00	5.74	0.07
ENSG00000064225.11	1.26	0.08	0.57	0.58	0.47	1.13	0.50	1.73	2.33	0.14	0.90
ENSG00000064270.11	1.29	1.52	0.04	0.97	0.23	1.22	0.64	5.04	0.24	0.49	0.70
ENSG00000064300.7	2.62	4.47	1.70	5.60	0.50	0.05	0.09	0.16	0.00	0.23	0.48
ENSG00000064309.13	1.87	0.19	8.61	1.35	0.82	1.05	1.08	0.76	1.76	0.60	0.15
ENSG00000064313.10	14.19	10.12	26.92	33.65	41.11	43.49	16.61	9.66	11.20	35.82	65.00
ENSG00000064393.14	12.13	9.14	5.06	24.49	20.82	38.99	13.36	24.67	7.70	11.69	63.65
ENSG00000064419.12	29.48	17.33	26.36	55.48	44.66	36.98	31.59	20.46	32.91	37.91	29.62
ENSG00000064489.20	12.04	8.34	14.46	13.57	12.87	37.80	9.33	14.02	13.22	8.42	31.44
ENSG00000064490.12	85.58	81.37	112.88	40.97	39.26	81.69	66.04	112.14	53.19	120.31	186.14
ENSG00000064545.13	35.39	36.57	35.72	21.19	19.81	34.16	47.34	41.23	30.73	36.44	85.17
ENSG00000064547.12	25.25	22.98	13.88	8.33	6.61	0.61	20.12	22.96	1.44	27.09	14.31
ENSG00000064601.15	113.53	157.09	297.59	129.39	104.00	151.21	87.61	131.46	104.86	79.91	195.44
ENSG00000064607.15	20.91	16.49	36.35	42.70	27.97	27.36	36.43	22.67	50.81	20.49	43.55
ENSG00000064651.12	4.02	2.72	7.80	5.97	10.90	16.78	7.48	4.73	7.11	1.15	4.80
ENSG00000064652.9	22.43	14.11	14.94	9.40	16.31	8.86	21.26	17.12	21.92	8.53	3.84
ENSG00000064655.17	2.93	0.20	0.00	0.03	0.13	0.15	3.39	0.00	0.00	14.17	0.59
ENSG00000064666.13	267.11	169.51	291.35	49.48	269.51	371.79	241.24	68.90	181.93	230.95	137.03
ENSG00000064687.11	10.68	6.98	4.03	5.35	1.44	3.78	5.82	6.77	11.71	1.98	8.57
ENSG00000064692.17	0.00	4.70	1.14	0.32	0.25	0.13	0.45	0.12	1.42	0.00	0.50
ENSG00000064703.10	6.87	3.91	8.73	6.87	16.54	5.09	5.45	4.27	13.30	3.60	4.17
ENSG00000064726.8	17.89	16.61	28.49	38.29	34.53	12.05	17.29	16.88	33.81	4.36	12.39
ENSG00000064763.9	9.00	1.64	3.67	0.79	4.19	13.74	2.93	1.07	0.87	0.50	1.94
ENSG00000064886.12	0.91	1.03	7.83	9.66	7.07	0.30	0.28	33.55	0.00	3.97	0.30
ENSG00000064932.14	40.05	32.77	22.72	14.22	30.40	52.02	46.72	79.25	37.09	47.03	37.29
ENSG00000064933.15	7.23	2.91	14.20	13.02	11.88	5.75	5.67	2.60	7.18	5.26	7.90
ENSG00000064961.17	67.32	108.82	48.48	53.51	30.27	60.39	72.46	64.62	99.35	95.34	148.76
ENSG00000064995.15	6.68	14.80	33.06	23.10	18.90	19.83	12.63	13.84	19.82	15.45	19.48
ENSG00000064999.13	4.33	6.48	4.00	6.02	4.05	6.82	8.49	4.75	6.21	13.90	13.78
ENSG00000065000.14	60.81	39.73	37.93	35.10	75.47	97.81	62.35	61.47	149.53	86.38	241.03
ENSG00000065029.13	8.44	20.31	17.88	17.48	10.60	20.56	15.03	26.21	33.37	6.44	58.34
ENSG00000065054.12	21.15	4.21	10.78	2.75	22.11	357.74	25.95	91.78	113.32	51.36	13.34
ENSG00000065057.6	34.88	17.77	23.73	22.19	11.43	41.11	31.11	28.74	23.53	31.76	41.45
ENSG00000065060.15	1.12	1.48	4.25	6.48	2.82	4.63	2.62	2.36	5.20	1.70	11.47
ENSG00000065135.8	3.91	2.59	4.69	3.59	10.75	4.50	3.64	3.47	7.24	2.25	2.18
ENSG00000065150.17	71.84	39.50	194.97	92.28	149.98	65.85	102.66	41.39	79.83	115.01	24.90
ENSG00000065154.10	120.48	66.73	52.43	88.66	60.79	30.93	71.82	40.65	67.63	56.03	52.18
ENSG00000065183.14	33.52	13.03	38.18	61.22	119.78	35.87	33.04	18.23	53.69	21.44	18.60
ENSG00000065243.17	8.94	6.03	9.10	29.04	16.23	6.04	7.30	6.58	22.50	1.76	4.63
ENSG00000065268.9	78.79	52.62	27.08	9.57	18.75	84.65	78.18	65.06	75.79	119.39	55.46
ENSG00000065308.4	3.53	4.18	67.85	8.34	11.83	72.31	2.91	9.57	52.86	2.19	13.12
ENSG00000065320.7	8.36	0.04	28.37	1.39	0.96	0.14	0.01	0.04	0.03	0.23	3.32
ENSG00000065325.11	0.01	1.11	0.03	0.10	0.63	0.06	0.24	0.33	0.39	0.65	0.00
ENSG00000065328.15	12.44	2.06	20.97	16.82	43.89	14.77	9.15	6.71	18.85	8.97	2.18
ENSG00000065357.18	109.40	174.66	4.02	9.71	5.78	12.91	113.59	116.14	20.90	129.63	14.59
ENSG00000065361.13	4.02	11.43	0.18	0.69	0.38	1.07	6.81	7.50	2.31	5.91	0.28
ENSG00000065371.16	0.00	3.15	0.00	1.96	0.07	0.21	0.00	0.22	0.00	0.00	0.00
ENSG00000065413.15	7.27	0.56	5.87	9.85	4.05	7.13	0.68	5.24	11.01	0.51	2.42
ENSG00000065427.13	122.95	65.34	167.22	158.79	142.07	88.20	123.09	107.95	175.21	130.50	84.48
ENSG00000065457.9	29.54	21.70	39.15	38.75	38.87	31.10	25.01	21.06	56.02	16.21	30.04
ENSG00000065485.16	14.09	10.91	33.17	43.06	13.74	16.81	22.77	21.27	17.60	42.53	16.14
ENSG00000065491.8	2.51	5.96	9.10	6.61	4.66	4.17	5.33	5.79	8.10	5.11	10.60
ENSG00000065518.7	176.69	161.61	184.62	78.10	149.26	83.84	161.06	192.94	147.47	295.90	132.74
ENSG00000065526.9	18.36	13.19	16.34	25.27	27.16	24.51	11.41	6.77	12.04	12.09	34.94
ENSG00000065534.17	8.59	2.82	6.04	11.73	42.57	57.80	0.35	4.50	4.80	4.32	0.50
ENSG00000065548.16	28.51	20.32	29.44	80.92	72.31	28.66	30.21	19.93	28.52	32.11	56.52
ENSG00000065559.13	10.23	8.04	10.98	12.39	9.20	6.03	11.94	7.90	13.92	5.84	0.47
ENSG00000065600.11	7.49	7.40	14.24	5.53	5.65	4.84	14.38	22.14	10.96	14.00	17.63
ENSG00000065613.12	17.36	20.19	12.62	12.14	12.75	8.41	18.97	8.86	14.98	7.29	2.02
ENSG00000065615.12	4.60	8.78	9.62	12.35	6.01	5.62	8.75	7.29	8.82	6.64	5.83
ENSG00000065618.15	351.31	545.60	0.05	0.37	0.00	1.72	207.94	219.26	1.88	332.95	0.12
ENSG00000065621.13	43.91	27.56	0.05	18.42	10.30	0.85	28.32	38.17	1.67	28.39	2.56
ENSG00000065665.19	6.72	1.91	9.97	5.45	13.51	2.07	3.49	4.51	4.15	1.80	3.77
ENSG00000065675.13	3.41	1.93	0.00	0.00	0.37	0.02	1.50	0.03	0.20	1.94	0.00
ENSG00000065717.13	5.39	5.80	5.45	19.11	11.86	9.71	0.55	3.26	2.79	0.31	10.58
ENSG00000065802.10	36.96	16.96	15.09	12.52	25.32	68.98	33.66	35.23	22.98	30.49	36.91
ENSG00000065809.12	2.94	2.89	4.56	6.19	10.69	17.57	3.79	9.96	32.88	1.71	0.24
ENSG00000065833.8	6.25	10.64	6.54	33.20	16.53	5.97	10.20	14.82	6.42	1.30	2.77
ENSG00000065882.14	39.12	15.80	12.21	40.51	42.04	28.20	35.22	22.50	24.85	25.14	42.51
ENSG00000065883.13	10.48	7.02	11.58	18.25	15.66	9.90	11.14	6.14	12.19	9.73	15.61
ENSG00000065911.10	62.13	24.98	84.35	133.01	153.61	116.14	70.78	71.45	67.87	76.31	178.62
ENSG00000065923.8	8.56	4.33	8.86	1.08	18.53	3.27	4.82	24.19	6.43	2.34	3.38
ENSG00000065970.7	10.55	4.87	9.85	17.89	9.91	7.09	5.50	6.34	5.07	3.87	15.13
ENSG00000065978.16	861.40	544.61	878.00	1075.03	1049.26	708.28	821.72	651.04	695.18	1155.04	1106.63
ENSG00000065989.14	1.07	0.28	14.04	0.82	10.04	16.13	0.47	0.57	13.87	1.61	48.82
ENSG00000066027.10	4.32	9.64	3.48	10.60	3.86	1.83	12.36	4.46	9.06	3.91	6.15
ENSG00000066032.17	0.00	0.00	1.97	0.05	0.00	0.00	0.00	0.77	0.21	0.00	8.36
ENSG00000066044.12	73.09	35.91	94.03	53.98	88.33	61.22	65.51	52.48	83.64	94.31	98.83
ENSG00000066056.12	0.25	0.43	0.20	0.72	0.31	2.19	0.07	0.11	0.30	0.31	0.15
ENSG00000066084.11	12.84	8.57	7.12	10.73	12.78	4.71	9.10	9.76	5.25	10.36	6.56
ENSG00000066117.13	54.07	38.10	40.17	41.09	63.08	27.33	55.99	37.06	50.13	56.02	40.47
ENSG00000066135.11	11.97	16.06	15.53	33.18	26.11	12.07	10.02	11.19	9.98	13.15	42.36
ENSG00000066136.18	52.27	50.07	39.05	37.08	39.93	26.83	37.21	50.10	60.97	41.79	107.58
ENSG00000066248.13	1.73	0.00	0.17	0.51	2.28	0.18	2.93	33.68	11.89	3.63	8.52
ENSG00000066279.15	9.36	7.10	9.36	55.31	24.73	5.66	14.01	0.63	14.90	3.89	1.20
ENSG00000066322.11	181.31	169.10	91.21	126.72	107.56	168.04	135.00	257.34	114.47	184.44	156.30
ENSG00000066379.13	25.17	25.81	34.49	51.00	42.12	28.14	49.64	50.87	34.00	69.88	180.39
ENSG00000066422.4	4.14	4.27	5.51	7.41	5.27	4.25	4.79	2.92	2.69	3.36	4.67
ENSG00000066427.20	6.66	13.29	7.05	48.45	19.49	6.74	8.74	9.86	7.28	2.46	8.06
ENSG00000066455.11	13.55	13.16	11.33	50.86	19.55	7.20	15.84	12.84	8.01	5.83	4.86
ENSG00000066468.19	7.87	16.61	0.70	7.48	0.62	0.07	1.91	0.00	0.00	2.71	0.69
ENSG00000066557.5	2.87	2.65	10.04	3.40	11.84	4.07	4.73	3.75	3.80	2.31	2.91
ENSG00000066583.10	9.07	4.37	5.05	5.60	7.89	7.55	12.05	5.43	17.81	5.98	10.50
ENSG00000066629.15	9.81	2.14	8.25	20.99	32.32	38.54	9.70	8.24	3.00	8.30	62.54
ENSG00000066651.16	8.44	4.56	14.19	12.92	23.10	3.29	14.46	8.21	10.25	4.27	4.08
ENSG00000066654.11	14.41	11.84	11.05	31.27	18.36	14.03	12.10	18.24	11.18	11.30	68.95
ENSG00000066697.13	25.33	6.13	44.33	27.56	59.71	32.54	18.40	45.80	46.10	43.08	45.14
ENSG00000066739.10	5.69	5.17	1.55	14.32	8.01	3.74	4.59	2.12	2.91	0.74	2.83
ENSG00000066777.7	13.21	17.39	7.54	11.36	21.63	15.17	13.82	14.24	5.84	20.17	11.26
ENSG00000066827.14	2.55	3.29	3.65	6.89	1.55	5.65	5.78	4.53	2.89	4.14	7.00
ENSG00000066855.14	12.51	9.17	21.02	32.42	28.67	15.17	14.74	12.72	10.56	31.79	15.71
ENSG00000066923.16	1.89	4.92	0.99	16.42	1.35	2.60	2.47	2.18	1.38	1.33	4.01
ENSG00000066926.9	35.20	32.15	20.08	43.59	12.24	8.71	30.59	39.60	10.13	20.94	49.90
ENSG00000066933.14	4.71	4.00	4.61	11.86	6.06	6.54	4.09	3.88	3.30	2.56	6.11
ENSG00000067057.15	316.23	127.58	161.97	30.51	152.03	181.94	201.01	241.40	148.70	291.24	202.15
ENSG00000067064.9	51.07	26.68	19.39	25.39	48.13	14.52	30.53	14.46	16.58	35.12	8.98
ENSG00000067066.15	29.12	22.92	11.82	53.62	16.71	21.31	19.28	29.97	28.00	17.34	12.30
ENSG00000067082.13	53.17	72.01	57.57	25.43	41.45	79.57	74.14	187.58	53.77	126.11	214.66
ENSG00000067113.15	15.45	6.87	16.63	5.01	8.12	5.21	5.16	10.08	6.45	3.42	9.90
ENSG00000067141.15	10.10	20.51	0.51	20.17	2.42	3.65	7.61	1.68	10.43	1.75	35.30
ENSG00000067167.6	71.71	60.16	66.91	52.66	79.11	64.72	48.68	36.29	57.37	56.43	48.36
ENSG00000067177.13	7.15	4.72	0.00	0.24	4.88	1.45	7.85	9.25	7.18	1.94	4.13
ENSG00000067182.6	97.62	62.10	62.16	112.76	80.73	49.17	88.90	184.62	73.05	77.75	146.33
ENSG00000067191.14	4.62	2.80	5.46	2.45	5.03	7.86	2.80	6.12	10.78	6.89	16.02
ENSG00000067208.13	5.58	2.40	2.65	5.78	9.44	5.43	4.27	6.44	14.75	1.97	11.88
ENSG00000067221.12	12.93	7.15	7.91	8.93	7.87	31.25	8.95	17.62	10.89	5.44	16.34
ENSG00000067225.16	1835.16	1055.29	1071.66	1739.66	976.53	977.31	966.75	1588.73	1355.48	1329.95	2494.25
ENSG00000067248.8	11.68	2.03	8.60	13.89	23.60	7.61	7.29	6.68	8.15	5.48	1.61
ENSG00000067334.12	25.98	19.09	43.42	68.46	60.74	21.79	30.66	31.51	71.69	10.14	10.54
ENSG00000067365.13	20.46	11.09	13.69	19.65	21.25	15.34	8.46	19.43	12.90	11.99	41.30
ENSG00000067369.12	16.37	6.34	11.34	21.89	20.52	9.55	9.09	10.72	10.16	6.07	25.02
ENSG00000067445.19	0.02	0.04	28.04	8.37	14.75	0.22	0.00	0.00	0.00	0.00	31.79
ENSG00000067533.5	15.00	7.71	13.77	14.84	52.40	13.54	21.85	11.04	18.68	2.93	0.50
ENSG00000067560.9	246.50	203.37	353.13	321.97	174.95	232.67	249.86	402.44	345.62	206.79	268.80
ENSG00000067596.9	27.71	19.66	17.75	28.70	43.61	23.56	30.85	18.96	35.05	38.30	16.86
ENSG00000067601.7	3.61	4.01	2.99	7.94	5.69	3.01	2.86	2.64	6.01	0.86	3.12
ENSG00000067606.14	17.72	22.90	0.05	5.09	9.80	0.44	11.14	4.90	18.16	17.82	3.55
ENSG00000067704.9	48.70	39.55	24.41	81.98	112.27	22.84	110.35	31.35	54.25	25.79	16.56
ENSG00000067715.12	1.91	0.99	4.06	0.22	1.54	0.71	0.15	0.94	1.71	0.19	7.87
ENSG00000067798.12	1.84	0.65	4.48	7.96	7.82	11.00	2.59	12.39	10.41	0.41	4.47
ENSG00000067829.17	71.26	53.85	136.04	92.13	54.56	77.15	56.45	90.27	66.22	71.54	225.76
ENSG00000067836.11	53.86	44.10	13.15	22.26	12.23	13.92	14.29	25.12	13.76	10.18	23.72
ENSG00000067840.11	0.10	0.09	2.31	0.02	6.29	0.97	0.00	0.03	0.12	0.00	0.46
ENSG00000067842.16	0.00	0.00	0.00	2.53	0.01	0.01	0.00	0.00	0.00	0.00	0.00
ENSG00000067900.6	8.09	8.27	5.47	21.68	22.59	8.02	8.24	6.06	10.41	2.68	6.64
ENSG00000067955.12	32.72	21.34	48.48	50.34	42.47	29.53	28.92	22.35	75.50	36.26	35.89
ENSG00000067992.11	3.13	1.52	8.81	6.10	2.65	0.86	1.67	2.33	2.95	0.24	0.61
ENSG00000068001.12	47.97	33.64	68.16	22.60	17.35	42.89	28.40	64.75	39.48	38.83	31.15
ENSG00000068024.15	8.15	5.95	8.40	9.44	19.51	9.30	12.13	11.40	3.55	5.47	23.71
ENSG00000068028.16	28.93	22.18	39.64	16.05	15.71	44.44	22.31	26.26	33.84	25.06	27.87
ENSG00000068078.16	0.19	81.59	5.78	0.15	1.71	0.93	16.82	0.00	1.31	34.68	0.65
ENSG00000068079.6	3.89	5.55	6.33	7.99	22.08	13.21	5.41	25.03	22.13	4.89	71.13
ENSG00000068097.13	9.41	6.80	8.35	7.09	11.25	7.15	10.10	12.19	12.15	8.25	61.67
ENSG00000068120.13	63.38	52.78	34.51	29.29	56.27	49.05	60.80	80.65	56.94	129.15	104.10
ENSG00000068137.13	23.10	28.07	6.81	6.16	7.03	12.19	4.37	12.00	12.05	12.31	26.50
ENSG00000068305.16	8.98	11.49	12.21	23.63	16.12	6.74	6.79	11.79	9.79	3.24	32.11
ENSG00000068308.12	30.94	36.57	44.56	27.13	20.15	15.17	27.14	39.65	23.22	19.04	41.25
ENSG00000068323.15	23.90	26.68	54.27	14.90	18.57	19.90	20.55	43.01	21.43	22.46	61.68
ENSG00000068354.14	15.89	17.59	18.26	7.94	4.49	8.94	18.46	19.53	8.04	10.85	22.92
ENSG00000068366.18	22.02	10.22	61.89	41.22	57.69	25.83	25.53	18.19	34.97	11.46	17.54
ENSG00000068383.17	12.34	10.34	6.37	13.15	22.95	14.69	10.19	12.50	5.51	23.52	26.74
ENSG00000068394.10	15.16	10.00	24.37	13.29	13.83	11.05	13.59	22.17	7.92	15.39	34.02
ENSG00000068400.12	17.74	17.03	23.45	11.37	16.76	8.87	11.31	14.79	13.95	8.69	27.14
ENSG00000068438.13	87.44	65.90	91.47	17.90	29.02	36.49	67.18	123.70	36.51	75.49	44.84
ENSG00000068489.11	49.06	30.47	24.23	87.06	91.15	37.85	38.50	11.31	148.70	30.75	31.83
ENSG00000068615.15	0.36	0.69	2.49	6.69	0.69	0.39	0.24	0.14	0.80	0.00	0.00
ENSG00000068650.17	8.39	10.91	13.22	2.01	7.20	0.30	18.74	16.74	4.20	19.12	6.25
ENSG00000068654.14	14.79	7.32	10.74	39.14	35.27	37.05	12.45	7.96	17.84	20.74	47.04
ENSG00000068697.6	107.95	177.61	188.70	147.95	66.19	64.52	107.96	114.70	130.88	74.19	182.33
ENSG00000068724.14	31.14	22.03	2.53	10.84	9.84	10.07	18.77	39.05	8.61	27.50	24.51
ENSG00000068745.13	91.64	158.88	46.94	76.84	75.46	37.42	76.11	74.10	39.96	33.84	51.59
ENSG00000068784.11	4.57	2.86	4.30	11.30	8.45	6.04	4.02	3.28	6.91	0.86	1.37
ENSG00000068796.15	16.61	4.67	28.64	17.67	23.29	10.66	15.88	9.45	24.09	3.17	2.38
ENSG00000068878.13	21.06	23.45	11.55	43.62	57.47	21.13	22.07	17.00	26.78	5.07	1.93
ENSG00000068885.13	8.15	7.03	6.59	15.02	18.83	3.67	5.14	3.09	6.14	0.78	3.11
ENSG00000068903.18	35.17	47.30	29.40	20.43	21.61	32.85	34.17	26.07	18.97	23.69	33.53
ENSG00000068912.12	13.78	12.47	11.28	22.08	24.85	16.32	17.88	21.89	24.29	16.64	6.73
ENSG00000068971.12	5.17	7.42	10.40	8.69	3.76	8.96	9.14	16.57	5.71	7.41	16.93
ENSG00000068985.4	0.00	0.00	0.00	0.00	0.00	1.95	0.00	0.79	0.00	0.00	0.00
ENSG00000069011.14	44.92	97.60	34.31	6.76	11.26	42.10	33.35	57.71	36.00	99.45	1.07
ENSG00000069020.17	7.76	16.78	1.64	0.68	0.23	0.14	10.96	13.52	0.54	20.30	3.49
ENSG00000069122.17	0.05	0.06	0.01	0.00	0.00	0.02	0.00	0.14	55.21	0.00	0.02
ENSG00000069188.15	1.02	2.35	0.00	0.51	0.53	3.26	0.00	0.02	0.00	0.00	2.91
ENSG00000069248.11	15.69	12.53	18.31	23.30	33.99	7.37	32.77	12.80	20.21	21.18	5.85
ENSG00000069275.12	45.94	52.40	97.22	162.16	85.67	34.25	114.12	17.74	104.91	15.31	7.28
ENSG00000069329.14	33.97	26.12	39.31	51.56	39.97	19.47	37.18	26.10	47.67	12.20	10.14
ENSG00000069345.10	31.08	25.33	45.04	47.32	45.30	18.84	32.29	29.13	61.17	13.64	23.10
ENSG00000069399.11	24.63	17.72	17.90	14.08	16.67	26.72	17.53	68.94	9.55	31.40	45.60
ENSG00000069424.13	7.61	4.70	5.07	4.95	0.78	2.65	3.59	11.16	16.77	2.37	6.88
ENSG00000069431.9	0.35	0.48	0.52	3.98	3.12	2.93	0.23	0.34	0.91	0.09	0.19
ENSG00000069482.6	72.57	0.57	0.50	3.00	31.75	0.00	0.00	28.96	0.00	164.88	0.00
ENSG00000069493.13	0.77	1.32	2.22	3.91	2.41	0.66	1.07	1.61	0.37	0.15	0.15
ENSG00000069509.5	16.18	15.96	17.62	10.71	13.64	2.87	8.69	8.77	9.45	3.48	3.47
ENSG00000069535.13	0.00	0.06	0.00	0.11	1.33	0.00	0.18	1.57	0.00	0.72	0.00
ENSG00000069667.14	0.95	2.02	0.05	0.49	0.63	0.64	0.10	0.00	0.02	1.47	0.81
ENSG00000069696.6	0.00	0.24	0.13	0.44	0.04	3.02	0.00	0.00	0.19	0.00	0.50
ENSG00000069702.9	1.55	2.67	0.71	11.10	1.25	3.71	5.07	0.54	7.68	1.55	3.18
ENSG00000069764.8	0.47	1.02	0.00	0.24	0.31	0.21	0.00	0.23	0.00	0.00	0.15
ENSG00000069812.10	17.98	98.37	0.27	1.76	0.62	2.21	20.71	6.37	1.59	49.30	0.69
ENSG00000069849.9	98.80	179.57	177.34	234.96	162.04	108.73	131.19	80.23	144.37	36.87	10.09
ENSG00000069869.14	22.94	20.67	38.16	114.62	105.71	66.51	16.56	12.03	42.08	2.61	3.81
ENSG00000069943.8	5.51	6.00	3.97	2.96	5.06	2.59	8.84	6.54	9.97	4.13	1.92
ENSG00000069956.10	24.61	36.57	24.11	18.07	15.96	6.19	25.66	18.02	22.20	6.77	5.67
ENSG00000069966.17	26.91	18.89	19.08	15.75	10.36	12.81	32.18	22.42	37.66	19.43	36.69
ENSG00000069974.14	9.43	4.36	10.99	30.74	13.14	7.03	12.98	15.28	19.66	5.19	1.68
ENSG00000069998.11	62.12	31.32	40.95	15.83	83.15	54.46	55.38	40.61	35.04	49.07	22.42
ENSG00000070010.17	106.31	124.25	70.19	49.68	117.87	129.50	92.48	126.42	99.48	82.84	79.96
ENSG00000070018.7	6.75	4.42	7.50	12.40	26.26	8.87	5.67	6.85	9.46	10.82	8.30
ENSG00000070047.10	14.03	10.92	12.09	5.12	7.26	60.29	21.13	16.05	19.81	20.78	21.58
ENSG00000070061.13	19.30	11.34	15.33	17.50	29.24	12.24	18.54	15.48	21.37	14.97	6.80
ENSG00000070081.14	13.81	10.15	63.97	69.62	107.03	21.09	9.12	9.56	33.01	3.92	34.19
ENSG00000070087.12	82.17	95.14	120.42	211.10	425.50	87.14	51.99	58.04	53.93	120.25	63.08
ENSG00000070159.12	14.44	8.95	7.18	3.25	6.05	1.48	9.58	9.76	6.72	9.13	3.40
ENSG00000070190.11	5.31	5.42	0.00	0.15	0.07	0.14	2.32	13.12	0.00	1.37	0.00
ENSG00000070214.14	15.27	13.02	4.75	18.10	17.33	4.38	11.53	21.58	6.11	2.04	0.37
ENSG00000070269.12	3.48	4.66	5.19	5.69	4.80	1.58	2.96	2.61	4.82	1.88	1.61
ENSG00000070366.12	12.79	12.03	16.48	8.54	9.94	33.98	8.27	10.26	19.73	13.51	22.68
ENSG00000070367.14	12.66	12.74	15.85	42.21	51.31	14.09	13.19	11.23	33.07	12.47	10.16
ENSG00000070371.14	3.84	2.42	2.05	3.68	11.45	5.16	2.32	4.86	2.73	3.90	7.53
ENSG00000070404.8	130.19	93.58	33.19	10.65	27.24	138.97	105.77	262.30	13.70	228.62	49.47
ENSG00000070413.17	34.96	52.12	20.21	13.53	30.60	39.35	30.53	40.14	19.02	33.43	12.87
ENSG00000070423.16	110.04	68.26	58.56	13.93	26.97	107.67	118.99	131.03	86.76	151.16	86.75
ENSG00000070444.13	24.09	13.25	11.97	10.53	7.20	17.01	14.86	23.70	6.69	18.80	51.33
ENSG00000070476.13	7.69	9.43	11.54	5.01	10.16	14.19	8.96	6.89	8.50	14.64	12.96
ENSG00000070495.13	24.28	9.73	32.17	29.04	35.47	28.96	17.99	32.75	25.15	37.42	52.80
ENSG00000070501.10	14.70	6.74	21.49	17.22	28.60	10.04	20.65	14.00	6.13	7.53	13.67
ENSG00000070526.13	0.38	0.25	0.00	0.12	0.05	0.05	0.32	2.77	0.00	0.17	0.00
ENSG00000070540.11	7.83	29.41	11.02	39.86	12.27	9.88	12.46	21.83	20.87	4.78	43.43
ENSG00000070601.8	0.40	0.54	1.27	14.05	4.44	10.56	0.32	0.13	0.02	0.12	0.34
ENSG00000070610.13	48.56	47.11	40.66	26.09	37.48	34.60	50.34	37.45	51.09	45.16	32.70
ENSG00000070614.13	66.31	102.15	81.46	19.04	44.33	108.61	35.61	37.17	25.30	51.54	128.99
ENSG00000070669.15	12.29	8.69	15.38	208.30	26.44	28.59	15.05	11.30	28.77	7.70	147.67
ENSG00000070718.10	11.81	5.79	19.39	11.74	32.53	13.81	9.29	7.73	15.64	3.31	9.70
ENSG00000070729.12	0.06	0.01	0.00	0.22	0.10	0.00	0.00	0.19	0.04	2.66	0.00
ENSG00000070731.8	22.45	163.78	0.11	0.28	1.07	0.09	14.24	7.30	0.59	15.78	0.50
ENSG00000070756.12	2312.68	4006.88	1255.63	1531.04	1979.47	3821.10	2935.89	1488.27	2100.99	4723.54	6116.37
ENSG00000070759.15	0.92	7.67	0.34	0.38	0.93	0.32	1.74	0.72	1.93	0.93	0.73
ENSG00000070761.6	36.05	18.63	58.99	32.22	39.59	27.02	35.15	29.24	92.53	36.89	62.33
ENSG00000070770.7	37.77	38.51	42.78	43.56	64.16	22.05	36.46	24.71	44.09	16.59	47.36
ENSG00000070778.11	4.40	5.03	6.31	4.19	1.65	10.98	3.51	5.18	5.86	4.16	20.84
ENSG00000070785.15	20.94	10.89	31.66	40.28	56.75	30.50	25.27	23.12	26.70	38.45	15.04
ENSG00000070814.16	54.57	19.83	53.20	37.20	46.37	69.00	66.85	17.91	60.56	88.38	59.25
ENSG00000070831.14	124.96	111.84	108.75	140.05	107.15	69.84	75.38	48.33	127.32	41.58	26.67
ENSG00000070882.11	17.70	14.54	5.68	4.82	6.22	8.59	19.35	16.38	13.39	20.16	6.39
ENSG00000070950.8	10.26	2.10	26.14	13.26	19.00	10.35	8.34	7.19	14.90	13.79	5.61
ENSG00000070961.13	8.71	9.41	20.53	31.23	14.06	16.84	12.44	20.13	25.10	4.49	1.35
ENSG00000071051.12	29.72	27.54	26.28	6.20	20.30	12.11	25.59	31.04	22.53	39.90	137.88
ENSG00000071054.14	61.94	26.77	45.83	279.28	109.78	86.05	64.37	194.46	27.29	88.75	228.82
ENSG00000071073.11	2.80	0.37	0.09	5.70	3.77	0.12	0.23	1.38	0.74	0.05	0.46
ENSG00000071082.9	1702.17	2130.94	1132.18	1885.45	988.92	1000.14	1847.15	2546.43	1505.02	3537.19	2139.12
ENSG00000071127.15	287.33	194.21	354.07	70.30	230.93	454.39	213.78	255.68	265.69	219.02	319.65
ENSG00000071189.20	10.82	9.35	8.95	11.97	11.49	7.85	9.32	13.22	2.91	14.28	6.84
ENSG00000071205.10	10.43	12.08	9.07	3.10	6.47	8.61	7.35	11.08	11.83	8.58	10.50
ENSG00000071242.10	7.94	2.39	0.20	2.61	0.44	38.11	13.16	34.27	8.19	7.02	4.90
ENSG00000071243.14	5.57	3.01	9.08	20.00	4.30	8.76	8.04	5.12	9.95	4.97	1.97
